17

47
0 127
25 126
22 55
19 57
19 40
16 37
19 34
19 24
23 23
23 18
26 24
29 24
37 18
39 19
37 23
146 24
167 1
264 1
265 25
266 0
495 1
498 9
654 55
671 55
672 60
697 67
671 68
694 70
671 71
672 87
694 84
694 117
680 117
671 134
671 142
669 139
667 142
663 120
661 118
52 131
57 152
59 154
26 154
24 138
8 131
2 130
3 129

31
0 346
26 337
2 93
27 89
50 46
50 39
67 13
59 8
73 2
76 5
100 0
107 27
113 34
127 34
125 37
122 38
143 50
140 51
142 53
109 67
110 289
130 289
134 340
82 345
87 375
89 377
27 375
28 357
9 349
2 349
3 348

34
0 61
5 11
93 20
94 16
92 2
90 0
142 2
145 18
175 28
187 30
186 31
192 33
141 39
135 280
150 281
159 320
145 325
137 331
137 333
135 333
125 345
124 349
133 356
126 357
132 359
92 358
91 329
82 328
84 326
83 324
86 319
28 271
38 271
31 268

27
0 235
26 231
35 128
29 121
37 114
38 106
41 111
108 53
107 11
58 0
110 1
109 10
112 12
153 20
109 85
110 201
142 201
137 251
69 245
68 246
73 268
75 270
23 265
24 247
10 240
0 239
3 237

30
0 39
33 0
136 87
146 86
147 96
153 103
153 106
148 106
156 181
175 172
178 169
182 221
166 222
163 225
160 237
161 249
159 246
157 249
150 224
67 232
72 239
124 257
73 256
74 253
66 237
55 233
45 233
47 231
46 230
63 224

46
0 237
10 239
50 236
55 88
2 58
7 18
57 24
59 0
63 24
221 40
447 58
639 70
802 78
1227 89
1228 87
1218 38
1260 39
1259 62
1303 91
1308 92
1307 93
1309 95
1258 95
1257 139
1290 174
1260 192
1254 218
1254 237
1252 230
1250 233
1251 220
1245 198
1135 242
1056 264
953 284
883 293
810 299
741 302
89 252
88 254
92 270
49 269
49 256
17 243
3 241
4 239

35
0 49
3 18
28 20
30 0
35 21
181 32
182 30
178 13
220 13
225 33
242 38
241 39
244 41
220 41
221 212
246 210
244 252
225 258
220 270
220 276
217 277
216 252
214 250
69 234
68 236
71 248
29 248
29 231
21 226
11 224
12 223
8 221
28 223
29 109
0 59

34
0 88
25 86
24 62
33 87
1189 27
1183 1
1225 0
1227 17
1243 23
1251 24
1250 25
1252 26
1226 30
1233 206
1249 204
1254 247
1238 249
1233 261
1233 270
1230 273
1228 250
981 279
866 290
768 297
678 301
57 204
28 205
14 184
19 183
18 181
23 184
28 183
25 129
1 129

36
0 255
25 252
27 250
26 91
14 90
9 51
27 47
28 30
32 47
106 35
181 27
178 2
176 0
219 1
219 16
236 24
245 24
242 26
245 28
218 33
220 203
235 199
237 197
241 239
224 241
218 255
218 262
215 265
215 243
213 241
64 254
70 282
27 282
26 265
8 258
2 258

18
0 31
2 16
526 6
522 0
560 1
561 6
583 3
582 42
568 41
559 58
559 65
556 66
552 52
545 41
224 38
47 51
63 58
1 53

26
0 45
2 43
1 30
530 14
521 1
559 0
560 14
573 12
573 21
575 23
582 24
581 25
584 27
573 28
573 51
562 51
560 53
560 65
558 63
557 65
551 51
238 49
47 64
62 72
2 67
2 47

131
0 135
3 134
1 132
5 131
4 116
27 114
27 111
30 115
75 111
86 119
89 125
92 125
92 127
100 134
101 132
92 109
107 95
132 98
137 95
139 96
138 98
146 100
182 102
185 105
189 104
191 83
207 97
214 96
212 92
197 77
197 72
202 72
204 70
197 52
194 55
182 0
213 1
214 13
218 6
218 1
219 2
221 0
225 21
229 24
235 25
234 26
237 28
231 28
226 32
238 84
256 103
281 101
273 84
304 83
305 97
320 105
332 104
331 136
313 143
306 155
306 159
305 158
303 160
296 136
294 134
277 133
274 130
272 137
272 151
267 151
255 138
247 136
243 138
261 157
261 163
244 165
242 167
244 177
267 166
265 198
248 202
256 219
224 219
219 201
208 196
202 195
203 194
200 192
224 185
224 171
226 169
205 167
205 163
218 150
220 142
218 138
200 156
150 137
146 137
143 134
142 156
137 156
123 143
113 144
131 162
132 166
135 164
134 196
121 196
116 204
120 219
122 221
90 221
91 207
72 197
66 197
67 196
65 194
91 185
91 166
93 163
73 162
73 157
86 143
88 137
83 135
67 151
54 154
58 159
7 165
4 135

62
0 110
2 96
25 96
25 92
34 97
57 96
58 77
68 78
87 96
88 92
91 89
73 71
73 63
83 70
98 68
92 62
91 27
81 28
64 68
67 25
86 16
58 4
93 0
96 5
100 5
100 19
125 30
101 28
99 68
101 70
118 71
118 87
129 98
134 99
132 101
133 102
121 103
112 111
177 113
178 111
136 94
179 95
179 109
187 113
203 72
202 114
192 115
203 120
185 121
178 140
177 119
133 119
92 157
88 132
90 129
89 113
48 124
46 126
68 135
25 134
23 131
1 138

29
0 50
6 24
31 29
32 0
40 29
44 32
192 63
329 48
330 78
315 84
313 89
321 93
321 96
312 93
310 97
310 103
307 104
291 89
244 83
56 86
63 105
32 105
17 83
11 83
12 81
10 80
32 79
31 56
0 52

44
0 28
2 27
2 25
24 18
21 0
48 1
47 4
53 3
58 0
50 9
51 10
59 2
67 23
75 23
72 25
75 27
66 28
75 58
95 81
79 66
78 67
93 83
45 98
54 109
21 109
3 121
2 93
15 91
5 86
2 86
3 85
0 83
23 77
25 75
25 69
28 68
29 74
32 73
27 54
24 53
23 50
2 53
0 31
2 29

42
0 23
24 23
25 0
31 24
645 36
646 34
639 16
637 14
670 14
687 37
693 38
692 39
695 41
670 41
671 66
694 63
694 88
670 89
670 101
668 98
667 100
493 154
491 130
490 154
188 154
186 130
184 154
141 131
53 133
55 136
22 135
21 131
18 130
22 129
17 128
22 125
16 117
16 114
21 117
23 113
23 69
0 55

25
0 60
2 43
2 25
26 24
26 0
39 26
116 25
107 5
104 2
144 2
144 18
159 25
170 26
168 28
168 61
149 66
144 78
144 86
142 84
140 86
132 61
55 62
66 84
27 84
1 63

