==============================================================================================================================================================================================
RESULTADOS GERAIS: 04/02/2025 11:41
==============================================================================================================================================================================================


||||||||||||||||||||||||||||||||||||||||||||||||||||||||||||||||||||||||||||||||||||||||||||||||||||||||||||||||||||||||||||||||||||||||||||||||||||||||||||||||||||||||||||||||||||||||||||||
Instância: embraer_3274
Data e Hora: 04/02/2025 11:41
Margem: True
{'dimensoes': ['70', '80'], 'algoritmos': {'GCG': 1, 'GRASP': 0, 'GRASP_GCG': 0, 'Random_Key': 0}, 'num_execucoes': 1}
||||||||||||||||||||||||||||||||||||||||||||||||||||||||||||||||||||||||||||||||||||||||||||||||||||||||||||||||||||||||||||||||||||||||||||||||||||||||||||||||||||||||||||||||||||||||||||||


==============================================================================================================================================================================================
Dimensão: (461, 307)
Máximo: 70%
Tempo pré-processamento NFPs: 9.49s
==============================================================================================================================================================================================

----------------------------------------------------------------------------------------------------------------------------------------------------------------------------------------------
RESULTADOS GCG:
GCG: Tempo: 105.85s, Area: 60.78%, Peças: 14/16, Fecho: 92.0%, Box: 97.0%
Peças GCG: [[(-200, -1), (-141, 36), (136, -20), (134, -89), (-81, -107), (-180, -43)], [(-173, 64), (-170, 68), (-123, 62), (-101, 52), (-101, 47), (-110, 42), (-173, 39)], [(-91, 74), (-98, 67), (-169, 73), (-173, 85), (-169, 111), (-160, 113), (-124, 108), (-91, 84)], [(-89, 30), (-83, 115), (-64, 141), (-50, 141), (-42, 131), (-34, 35)], [(89, 32), (56, 11), (-38, 19), (7, 102), (33, 97), (65, 78)], [(-164, 122), (-164, 132), (-134, 158), (-95, 161), (-85, 159), (-82, 133), (-86, 121), (-161, 118)], [(-42, 188), (10, 185), (18, 152), (18, 108), (-30, 106), (-44, 152)], [(56, 104), (25, 104), (22, 108), (24, 169), (27, 172), (47, 169), (62, 151), (65, 114)], [(104, 133), (80, 127), (72, 129), (63, 174), (64, 181), (88, 190), (98, 188), (105, 142)], [(86, 60), (75, 69), (75, 107), (94, 126), (114, 126), (118, 123), (119, 105), (117, 62), (114, 59)], [(-194, 152), (-191, 196), (-152, 196), (-144, 193), (-149, 152), (-152, 148)], [(154, -107), (141, -85), (139, 11), (143, 18), (226, -26), (225, -41), (206, -81)], [(141, 21), (139, 123), (148, 140), (158, 143), (198, 121), (222, 80), (224, 69), (217, 60)], [(255, -107), (233, -103), (229, 183), (255, 186)]]
----------------------------------------------------------------------------------------------------------------------------------------------------------------------------------------------


==============================================================================================================================================================================================
Dimensão: (431, 287)
Máximo: 80%
Tempo pré-processamento NFPs: 9.49s
==============================================================================================================================================================================================

----------------------------------------------------------------------------------------------------------------------------------------------------------------------------------------------
RESULTADOS GCG:
GCG: Tempo: 92.46s, Area: 64.01%, Peças: 13/16, Fecho: 85.0%, Box: 99.0%
Peças GCG: [[(-200, 19), (-141, 56), (136, 0), (134, -69), (-81, -87), (-180, -23)], [(-173, 84), (-170, 88), (-123, 82), (-101, 72), (-101, 67), (-110, 62), (-173, 59)], [(-91, 94), (-98, 87), (-169, 93), (-173, 105), (-169, 131), (-160, 133), (-124, 128), (-91, 104)], [(23, 66), (-10, 45), (-104, 53), (-59, 136), (-33, 131), (-1, 112)], [(25, 26), (31, 111), (50, 137), (64, 137), (72, 127), (80, 31)], [(-164, 142), (-164, 152), (-134, 178), (-95, 181), (-85, 179), (-82, 153), (-86, 141), (-161, 138)], [(-76, 173), (-67, 184), (-29, 184), (-10, 165), (-10, 145), (-13, 141), (-31, 139), (-74, 142), (-77, 145)], [(27, 119), (-4, 119), (-7, 123), (-5, 184), (-2, 187), (18, 184), (33, 166), (36, 129)], [(84, 141), (40, 144), (40, 183), (43, 191), (84, 187), (88, 184)], [(79, 135), (103, 141), (111, 139), (119, 94), (118, 87), (95, 78), (85, 80), (78, 126)], [(144, -87), (139, 9), (153, 33), (162, 35), (207, 10), (227, -28), (228, -40), (156, -86)], [(214, 36), (162, 39), (153, 72), (154, 116), (202, 118), (216, 72)], [(87, 198), (189, 200), (206, 191), (209, 181), (186, 141), (145, 117), (134, 115), (125, 122)]]
----------------------------------------------------------------------------------------------------------------------------------------------------------------------------------------------


||||||||||||||||||||||||||||||||||||||||||||||||||||||||||||||||||||||||||||||||||||||||||||||||||||||||||||||||||||||||||||||||||||||||||||||||||||||||||||||||||||||||||||||||||||||||||||||
Instância: embraer_3153
Data e Hora: 04/02/2025 11:41
Margem: True
{'dimensoes': ['70', '80'], 'algoritmos': {'GCG': 1, 'GRASP': 0, 'GRASP_GCG': 0, 'Random_Key': 0}, 'num_execucoes': 1}
||||||||||||||||||||||||||||||||||||||||||||||||||||||||||||||||||||||||||||||||||||||||||||||||||||||||||||||||||||||||||||||||||||||||||||||||||||||||||||||||||||||||||||||||||||||||||||||


==============================================================================================================================================================================================
Dimensão: (467, 312)
Máximo: 70%
Tempo pré-processamento NFPs: 61.93s
==============================================================================================================================================================================================

----------------------------------------------------------------------------------------------------------------------------------------------------------------------------------------------
RESULTADOS GCG:
GCG: Tempo: 139.67s, Area: 64.01%, Peças: 15/17, Fecho: 85.0%, Box: 88.0%
Peças GCG: [[(-200, -108), (-196, -91), (90, -87), (95, -100), (90, -112)], [(93, -60), (89, -82), (-197, -86), (-200, -60)], [(91, 95), (93, -56), (-85, -55), (-123, -27), (-120, -10), (35, 87)], [(-127, -21), (-127, -52), (-131, -55), (-192, -53), (-195, -50), (-192, -30), (-174, -15), (-137, -12)], [(-200, -5), (-200, 5), (-170, 31), (-131, 34), (-121, 32), (-118, 6), (-122, -6), (-197, -9)], [(-83, 60), (-85, 45), (-90, 39), (-177, 39), (-181, 46), (-179, 53), (-90, 69)], [(-173, 79), (-169, 120), (35, 113), (35, 92), (-23, 74), (-168, 74)], [(-178, 58), (-199, 58), (-199, 91), (-183, 91), (-178, 86)], [(-169, 125), (-162, 165), (-19, 167), (38, 149), (35, 125)], [(74, 163), (85, 154), (85, 116), (66, 97), (46, 97), (42, 100), (40, 118), (43, 161), (46, 164)], [(-196, 145), (-178, 145), (-175, 142), (-176, 99), (-179, 96), (-197, 96), (-199, 99), (-199, 142)], [(98, -112), (114, 34), (182, 103), (224, -107)], [(134, 72), (127, 78), (133, 149), (145, 153), (171, 149), (173, 140), (168, 104), (144, 71)], [(255, 99), (249, 14), (230, -12), (216, -12), (208, -2), (200, 95)], [(176, 108), (179, 160), (212, 169), (256, 169), (258, 121), (212, 106)]]
----------------------------------------------------------------------------------------------------------------------------------------------------------------------------------------------


==============================================================================================================================================================================================
Dimensão: (437, 291)
Máximo: 80%
Tempo pré-processamento NFPs: 61.93s
==============================================================================================================================================================================================

----------------------------------------------------------------------------------------------------------------------------------------------------------------------------------------------
RESULTADOS GCG:
GCG: Tempo: 125.4s, Area: 66.02%, Peças: 13/17, Fecho: 85.0%, Box: 93.0%
Peças GCG: [[(-200, -87), (-196, -70), (90, -66), (95, -79), (90, -91)], [(93, -39), (89, -61), (-197, -65), (-200, -39)], [(91, 116), (93, -35), (-85, -34), (-123, -6), (-120, 11), (35, 108)], [(-127, -1), (-127, -32), (-131, -35), (-192, -33), (-195, -30), (-192, -10), (-174, 5), (-137, 8)], [(-200, 16), (-200, 26), (-170, 52), (-131, 55), (-121, 53), (-118, 27), (-122, 15), (-197, 12)], [(-83, 81), (-85, 66), (-90, 60), (-177, 60), (-181, 67), (-179, 74), (-90, 90)], [(-173, 100), (-169, 141), (35, 134), (35, 113), (-23, 95), (-168, 95)], [(-178, 79), (-199, 79), (-199, 112), (-183, 112), (-178, 107)], [(-169, 146), (-162, 186), (-19, 188), (38, 170), (35, 146)], [(74, 184), (85, 175), (85, 137), (66, 118), (46, 118), (42, 121), (40, 139), (43, 182), (46, 185)], [(-196, 166), (-178, 166), (-175, 163), (-176, 120), (-179, 117), (-197, 117), (-199, 120), (-199, 163)], [(98, -91), (114, 55), (182, 124), (224, -86)], [(134, 93), (127, 99), (133, 170), (145, 174), (171, 170), (173, 161), (168, 125), (144, 92)]]
----------------------------------------------------------------------------------------------------------------------------------------------------------------------------------------------


||||||||||||||||||||||||||||||||||||||||||||||||||||||||||||||||||||||||||||||||||||||||||||||||||||||||||||||||||||||||||||||||||||||||||||||||||||||||||||||||||||||||||||||||||||||||||||||
Instância: embraer_3089
Data e Hora: 04/02/2025 11:41
Margem: True
{'dimensoes': ['70', '80'], 'algoritmos': {'GCG': 1, 'GRASP': 0, 'GRASP_GCG': 0, 'Random_Key': 0}, 'num_execucoes': 1}
||||||||||||||||||||||||||||||||||||||||||||||||||||||||||||||||||||||||||||||||||||||||||||||||||||||||||||||||||||||||||||||||||||||||||||||||||||||||||||||||||||||||||||||||||||||||||||||


==============================================================================================================================================================================================
Dimensão: (508, 338)
Máximo: 70%
Tempo pré-processamento NFPs: 10.34s
==============================================================================================================================================================================================

----------------------------------------------------------------------------------------------------------------------------------------------------------------------------------------------
RESULTADOS GCG:
GCG: Tempo: 109.01s, Area: 70.2%, Peças: 18/18, Fecho: 94.0%, Box: 99.0%
Peças GCG: [[(29, -138), (-199, -138), (-200, -28), (29, -76)], [(-135, 15), (-76, 40), (-19, 40), (-9, 16), (-9, -24), (-18, -48), (-83, -48), (-134, -19)], [(-199, -23), (-199, 45), (-151, 46), (-150, -22)], [(-199, 49), (-196, 96), (-58, 81), (-59, 54)], [(-58, 86), (-177, 99), (-178, 146), (-58, 147)], [(-2, 45), (-53, 46), (-53, 135), (-5, 133)], [(-58, 152), (-155, 152), (-156, 196), (-58, 190)], [(-53, 148), (-53, 160), (-28, 184), (15, 184), (17, 182), (15, 152), (-28, 146), (-52, 145)], [(237, -130), (229, -138), (38, -135), (31, -126), (31, -90), (38, -83), (231, -90), (238, -97)], [(222, -78), (216, -84), (38, -78), (38, -46), (222, -41)], [(32, -2), (222, -2), (222, -36), (32, -40)], [(32, 2), (32, 32), (218, 30), (216, 5)], [(224, 40), (218, 35), (114, 37), (92, 63), (95, 92), (113, 111), (218, 113), (224, 107)], [(51, 107), (63, 107), (87, 82), (87, 39), (85, 37), (55, 39), (49, 82), (48, 106)], [(59, 166), (66, 172), (164, 172), (172, 165), (171, 127), (161, 120), (65, 113), (59, 120)], [(240, -138), (240, -51), (287, -50), (285, -138)], [(282, 88), (290, 76), (305, -38), (295, -46), (236, -45), (229, -37), (229, 77), (236, 88)], [(261, 200), (261, 140), (239, 118), (199, 119), (177, 141), (178, 200)]]
----------------------------------------------------------------------------------------------------------------------------------------------------------------------------------------------


==============================================================================================================================================================================================
Dimensão: (475, 317)
Máximo: 80%
Tempo pré-processamento NFPs: 10.34s
==============================================================================================================================================================================================

----------------------------------------------------------------------------------------------------------------------------------------------------------------------------------------------
RESULTADOS GCG:
GCG: Tempo: 94.43s, Area: 69.91%, Peças: 16/18, Fecho: 91.0%, Box: 100.0%
Peças GCG: [[(6, -109), (-2, -117), (-193, -114), (-200, -105), (-200, -69), (-193, -62), (0, -69), (7, -76)], [(-8, -57), (-14, -63), (-192, -57), (-192, -25), (-8, -20)], [(-198, 18), (-8, 18), (-8, -16), (-198, -20)], [(-8, 53), (-8, 23), (-194, 25), (-192, 50)], [(-193, 55), (-190, 102), (-52, 87), (-53, 60)], [(-51, 92), (-170, 105), (-171, 152), (-51, 153)], [(5, 58), (-46, 59), (-46, 148), (2, 146)], [(-99, 199), (-2, 199), (-2, 155), (-99, 161)], [(-125, 194), (-125, 182), (-150, 158), (-193, 158), (-195, 160), (-193, 190), (-150, 196), (-126, 197)], [(238, -117), (10, -117), (9, -7), (238, -55)], [(73, 36), (132, 61), (189, 61), (199, 37), (199, -3), (190, -27), (125, -27), (74, 2)], [(9, -2), (9, 66), (57, 67), (58, -1)], [(167, 74), (161, 69), (57, 71), (35, 97), (38, 126), (56, 145), (161, 147), (167, 141)], [(172, 66), (172, 153), (219, 154), (217, 66)], [(9, 149), (9, 161), (34, 185), (77, 185), (79, 183), (77, 153), (34, 147), (10, 146)], [(269, 64), (275, 57), (275, -41), (268, -49), (230, -49), (223, -39), (216, 58), (223, 64)]]
----------------------------------------------------------------------------------------------------------------------------------------------------------------------------------------------


||||||||||||||||||||||||||||||||||||||||||||||||||||||||||||||||||||||||||||||||||||||||||||||||||||||||||||||||||||||||||||||||||||||||||||||||||||||||||||||||||||||||||||||||||||||||||||||
Instância: embraer_3086
Data e Hora: 04/02/2025 11:41
Margem: True
{'dimensoes': ['70', '80'], 'algoritmos': {'GCG': 1, 'GRASP': 0, 'GRASP_GCG': 0, 'Random_Key': 0}, 'num_execucoes': 1}
||||||||||||||||||||||||||||||||||||||||||||||||||||||||||||||||||||||||||||||||||||||||||||||||||||||||||||||||||||||||||||||||||||||||||||||||||||||||||||||||||||||||||||||||||||||||||||||


==============================================================================================================================================================================================
Dimensão: (533, 355)
Máximo: 70%
Tempo pré-processamento NFPs: 10.32s
==============================================================================================================================================================================================

----------------------------------------------------------------------------------------------------------------------------------------------------------------------------------------------
RESULTADOS GCG:
GCG: Tempo: 142.25s, Area: 54.29%, Peças: 16/17, Fecho: 77.0%, Box: 92.0%
Peças GCG: [[(174, -155), (-200, -137), (-198, -97), (-56, -62), (171, -74)], [(-191, -53), (-188, -49), (-141, -55), (-119, -65), (-119, -70), (-128, -75), (-191, -78)], [(-188, -44), (-184, -27), (102, -23), (107, -36), (102, -48)], [(105, 3), (101, -19), (-185, -23), (-188, 3)], [(-142, 8), (-135, 48), (8, 50), (65, 32), (62, 8)], [(-192, 12), (-189, 56), (-150, 56), (-142, 53), (-147, 12), (-150, 8)], [(8, 96), (4, 55), (-200, 63), (-200, 84), (-142, 101), (3, 101)], [(-70, 120), (-93, 107), (-189, 105), (-196, 109), (-152, 192), (-137, 191), (-96, 172)], [(-47, 120), (-63, 120), (-66, 123), (-66, 180), (-57, 180), (-27, 153), (-27, 139)], [(10, 106), (-21, 106), (-24, 110), (-22, 171), (-19, 174), (1, 171), (16, 153), (19, 116)], [(54, 55), (30, 49), (22, 51), (13, 96), (14, 103), (38, 112), (48, 110), (55, 64)], [(24, 193), (96, 185), (96, 118), (93, 109), (24, 119)], [(129, 122), (150, 89), (142, -5), (59, 41), (64, 66), (83, 98)], [(112, 128), (101, 137), (101, 175), (120, 194), (140, 194), (144, 191), (145, 173), (143, 130), (140, 127)], [(300, -153), (198, -155), (181, -146), (178, -136), (200, -96), (242, -72), (253, -70), (262, -77)], [(186, -93), (181, 3), (195, 27), (204, 29), (249, 4), (269, -34), (270, -46), (198, -92)]]
----------------------------------------------------------------------------------------------------------------------------------------------------------------------------------------------


==============================================================================================================================================================================================
Dimensão: (499, 332)
Máximo: 80%
Tempo pré-processamento NFPs: 10.32s
==============================================================================================================================================================================================

----------------------------------------------------------------------------------------------------------------------------------------------------------------------------------------------
RESULTADOS GCG:
GCG: Tempo: 133.4s, Area: 60.03%, Peças: 15/17, Fecho: 94.0%, Box: 99.0%
Peças GCG: [[(-200, -58), (-21, -40), (87, -45), (179, -64), (191, -110), (176, -122), (-199, -132)], [(-174, -22), (-171, -18), (-124, -24), (-102, -34), (-102, -39), (-111, -44), (-174, -47)], [(37, 19), (33, -22), (-171, -14), (-171, 7), (-113, 24), (32, 24)], [(-41, 43), (-64, 30), (-160, 28), (-167, 32), (-123, 115), (-108, 114), (-67, 95)], [(-161, 123), (-150, 114), (-150, 76), (-169, 57), (-189, 57), (-193, 60), (-195, 78), (-192, 121), (-189, 124)], [(-129, 148), (-129, 132), (-132, 129), (-189, 129), (-189, 138), (-162, 168), (-148, 168)], [(-90, 120), (-121, 120), (-124, 124), (-122, 185), (-119, 188), (-99, 185), (-84, 167), (-81, 130)], [(-74, 149), (-30, 146), (-30, 107), (-33, 99), (-74, 104), (-78, 107)], [(76, 49), (-20, 44), (-44, 58), (-46, 67), (-21, 112), (18, 132), (30, 133), (76, 61)], [(162, -22), (129, -43), (35, -35), (80, 48), (106, 43), (138, 24)], [(-76, 156), (-82, 179), (-80, 187), (-35, 196), (-28, 195), (-19, 172), (-21, 162), (-67, 154)], [(114, 199), (116, 97), (107, 80), (97, 77), (57, 100), (33, 141), (31, 152), (38, 161)], [(267, -132), (195, -124), (195, -57), (198, -48), (267, -57)], [(268, -52), (228, -45), (227, 98), (245, 155), (269, 152)], [(296, -132), (274, -128), (270, 158), (296, 161)]]
----------------------------------------------------------------------------------------------------------------------------------------------------------------------------------------------


||||||||||||||||||||||||||||||||||||||||||||||||||||||||||||||||||||||||||||||||||||||||||||||||||||||||||||||||||||||||||||||||||||||||||||||||||||||||||||||||||||||||||||||||||||||||||||||
Instância: embraer_2338
Data e Hora: 04/02/2025 11:41
Margem: True
{'dimensoes': ['70', '80'], 'algoritmos': {'GCG': 1, 'GRASP': 0, 'GRASP_GCG': 0, 'Random_Key': 0}, 'num_execucoes': 1}
||||||||||||||||||||||||||||||||||||||||||||||||||||||||||||||||||||||||||||||||||||||||||||||||||||||||||||||||||||||||||||||||||||||||||||||||||||||||||||||||||||||||||||||||||||||||||||||


==============================================================================================================================================================================================
Dimensão: (568, 378)
Máximo: 70%
Tempo pré-processamento NFPs: 12.57s
==============================================================================================================================================================================================

----------------------------------------------------------------------------------------------------------------------------------------------------------------------------------------------
RESULTADOS GCG:
GCG: Tempo: 197.98s, Area: 67.62%, Peças: 18/19, Fecho: 95.0%, Box: 99.0%
Peças GCG: [[(-200, -104), (-21, -86), (87, -91), (179, -110), (191, -156), (176, -168), (-199, -178)], [(-174, -68), (-171, -64), (-124, -70), (-102, -80), (-102, -85), (-111, -90), (-174, -93)], [(-179, -96), (-200, -96), (-200, -63), (-184, -63), (-179, -68)], [(-189, -39), (-15, -40), (-15, -56), (-19, -60), (-183, -58)], [(43, -27), (-191, -34), (-195, 87), (-82, 103), (27, 20)], [(-108, 134), (-108, 124), (-138, 98), (-177, 95), (-187, 97), (-190, 123), (-187, 135), (-111, 138)], [(-104, 150), (-111, 143), (-182, 149), (-186, 161), (-182, 187), (-173, 189), (-137, 184), (-104, 160)], [(-1, 112), (-10, 101), (-98, 108), (-102, 123), (-97, 175), (-84, 179), (-48, 165), (-1, 118)], [(71, 70), (66, 59), (40, 36), (30, 35), (-27, 67), (-27, 73), (-3, 100), (42, 100), (71, 77)], [(156, 37), (158, -83), (49, -83), (48, 38)], [(118, 159), (115, 121), (82, 104), (35, 105), (-1, 124), (0, 157), (34, 178), (82, 178)], [(142, 42), (127, 44), (121, 49), (121, 136), (128, 140), (135, 138), (151, 49)], [(173, 148), (182, 145), (182, -26), (162, -22), (161, 143)], [(289, 196), (270, -178), (230, -176), (196, -34), (208, 193)], [(292, -178), (289, -170), (292, -103), (358, -94), (361, -103), (361, -170)], [(302, -94), (308, -9), (327, 17), (341, 17), (349, 7), (357, -89)], [(302, 133), (317, 133), (334, 109), (334, 21), (294, 24), (291, 121)], [(354, 137), (359, 135), (366, 28), (344, 20), (339, 27), (343, 137)]]
----------------------------------------------------------------------------------------------------------------------------------------------------------------------------------------------


==============================================================================================================================================================================================
Dimensão: (531, 354)
Máximo: 80%
Tempo pré-processamento NFPs: 12.57s
==============================================================================================================================================================================================

----------------------------------------------------------------------------------------------------------------------------------------------------------------------------------------------
RESULTADOS GCG:
GCG: Tempo: 184.85s, Area: 65.67%, Peças: 18/19, Fecho: 96.0%, Box: 97.0%
Peças GCG: [[(-200, -80), (-21, -62), (87, -67), (179, -86), (191, -132), (176, -144), (-199, -154)], [(-174, -44), (-171, -40), (-124, -46), (-102, -56), (-102, -61), (-111, -66), (-174, -69)], [(-179, -72), (-200, -72), (-200, -39), (-184, -39), (-179, -44)], [(-189, -15), (-15, -16), (-15, -32), (-19, -36), (-183, -34)], [(43, -3), (-191, -10), (-195, 111), (-82, 127), (27, 44)], [(-108, 158), (-108, 148), (-138, 122), (-177, 119), (-187, 121), (-190, 147), (-187, 159), (-111, 162)], [(-195, 173), (-193, 188), (-188, 194), (-101, 195), (-97, 188), (-99, 181), (-188, 164)], [(-21, 133), (-28, 126), (-99, 132), (-103, 144), (-99, 170), (-90, 172), (-54, 167), (-21, 143)], [(-37, 106), (-32, 117), (-6, 140), (4, 140), (61, 108), (61, 102), (37, 75), (-8, 76), (-37, 99)], [(49, 47), (169, 49), (169, -60), (48, -61)], [(60, 54), (68, 126), (135, 126), (144, 123), (134, 54)], [(66, 141), (-19, 147), (-45, 166), (-45, 180), (-35, 188), (62, 196)], [(182, 163), (182, 148), (158, 131), (70, 131), (73, 171), (170, 174)], [(195, -135), (198, -97), (231, -80), (278, -80), (314, -99), (313, -132), (279, -154), (231, -154)], [(214, -6), (222, -3), (289, -6), (297, -72), (288, -75), (221, -75)], [(298, 10), (289, -1), (201, 6), (197, 21), (202, 73), (215, 77), (251, 63), (298, 16)], [(210, 194), (215, 192), (222, 85), (200, 77), (195, 84), (199, 194)], [(313, 189), (322, 186), (322, 15), (302, 19), (301, 184)]]
----------------------------------------------------------------------------------------------------------------------------------------------------------------------------------------------


||||||||||||||||||||||||||||||||||||||||||||||||||||||||||||||||||||||||||||||||||||||||||||||||||||||||||||||||||||||||||||||||||||||||||||||||||||||||||||||||||||||||||||||||||||||||||||||
Instância: embraer_610
Data e Hora: 04/02/2025 11:41
Margem: True
{'dimensoes': ['70', '80'], 'algoritmos': {'GCG': 1, 'GRASP': 0, 'GRASP_GCG': 0, 'Random_Key': 0}, 'num_execucoes': 1}
||||||||||||||||||||||||||||||||||||||||||||||||||||||||||||||||||||||||||||||||||||||||||||||||||||||||||||||||||||||||||||||||||||||||||||||||||||||||||||||||||||||||||||||||||||||||||||||


==============================================================================================================================================================================================
Dimensão: (426, 284)
Máximo: 70%
Tempo pré-processamento NFPs: 336.09s
==============================================================================================================================================================================================

----------------------------------------------------------------------------------------------------------------------------------------------------------------------------------------------
RESULTADOS GCG:
GCG: Tempo: 423.34s, Area: 55.89%, Peças: 12/15, Fecho: 86.0%, Box: 100.0%
Peças GCG: [[(7, -62), (-9, -84), (-20, -84), (-21, -69), (-185, -73), (-200, -66), (-200, -52), (-185, -51), (-194, -45), (-185, -29), (-171, -29), (-170, -44), (-126, -45), (-114, -35), (-101, -60), (-68, -56), (-74, -45), (-62, -33), (-47, -33), (-48, -48), (-12, -50), (-5, -41)], [(-190, 53), (-173, 53), (-172, 48), (-69, 43), (-69, 26), (-74, 26), (-71, -36), (-88, -37), (-88, -28), (-197, -24), (-197, -6), (-190, -6)], [(-71, 51), (-83, 49), (-102, 72), (-115, 68), (-119, 53), (-155, 56), (-155, 66), (-165, 71), (-188, 70), (-183, 147), (-159, 144), (-149, 158), (-107, 146), (-101, 123), (-77, 116)], [(-58, -29), (-64, -19), (-64, 149), (-32, 148), (-33, 136), (-40, 136), (-37, -28)], [(-17, -35), (-18, -27), (-32, -27), (-32, -20), (-24, -19), (-22, 68), (-26, 156), (-11, 156), (-11, 148), (0, 148), (0, 134), (-6, 134), (-3, -35)], [(-200, 58), (-200, 67), (-195, 67), (-191, 62), (-191, 58)], [(-85, 200), (-84, 182), (-65, 179), (-67, 163), (-71, 162), (-72, 138), (-69, 131), (-72, 124), (-89, 125), (-86, 148), (-96, 176), (-102, 180), (-101, 196)], [(127, -84), (109, -84), (109, -78), (8, -75), (14, 7), (32, 8), (32, 0), (134, -2), (134, -19), (127, -19)], [(115, 3), (103, 3), (102, 10), (14, 13), (26, 94), (37, 94), (37, 87), (124, 84), (124, 72), (116, 72)], [(118, 91), (106, 91), (105, 98), (37, 99), (37, 110), (42, 111), (39, 168), (51, 168), (51, 160), (114, 157)], [(224, 36), (224, 24), (218, 24), (218, -84), (136, -76), (136, -64), (143, -64), (142, 43), (154, 43), (155, 36)], [(177, 137), (190, 137), (191, 132), (204, 136), (211, 131), (212, 115), (217, 110), (210, 98), (216, 65), (204, 40), (193, 40), (193, 46), (187, 47), (183, 65), (160, 66), (162, 86), (153, 116), (156, 123), (175, 124)]]
----------------------------------------------------------------------------------------------------------------------------------------------------------------------------------------------


==============================================================================================================================================================================================
Dimensão: (399, 266)
Máximo: 80%
Tempo pré-processamento NFPs: 336.09s
==============================================================================================================================================================================================

----------------------------------------------------------------------------------------------------------------------------------------------------------------------------------------------
RESULTADOS GCG:
GCG: Tempo: 397.09s, Area: 58.26%, Peças: 12/15, Fecho: 88.0%, Box: 100.0%
Peças GCG: [[(7, -44), (-9, -66), (-20, -66), (-21, -51), (-185, -55), (-200, -48), (-200, -34), (-185, -33), (-194, -27), (-185, -11), (-171, -11), (-170, -26), (-126, -27), (-114, -17), (-101, -42), (-68, -38), (-74, -27), (-62, -15), (-47, -15), (-48, -30), (-12, -32), (-5, -23)], [(-190, 71), (-173, 71), (-172, 66), (-69, 61), (-69, 44), (-74, 44), (-71, -18), (-88, -19), (-88, -10), (-197, -6), (-197, 12), (-190, 12)], [(-71, 69), (-83, 67), (-102, 90), (-115, 86), (-119, 71), (-155, 74), (-155, 84), (-165, 89), (-188, 88), (-183, 165), (-159, 162), (-149, 176), (-107, 164), (-101, 141), (-77, 134)], [(-58, -11), (-64, -1), (-64, 167), (-32, 166), (-33, 154), (-40, 154), (-37, -10)], [(-17, -17), (-18, -9), (-32, -9), (-32, -2), (-24, -1), (-22, 86), (-26, 174), (-11, 174), (-11, 166), (0, 166), (0, 152), (-6, 152), (-3, -17)], [(-105, 178), (-87, 180), (-84, 199), (-68, 197), (-67, 193), (-43, 192), (-36, 195), (-29, 192), (-30, 175), (-53, 178), (-81, 168), (-85, 162), (-101, 163)], [(-200, 76), (-200, 85), (-195, 85), (-191, 80), (-191, 76)], [(127, -66), (109, -66), (109, -60), (8, -57), (14, 25), (32, 26), (32, 18), (134, 16), (134, -1), (127, -1)], [(115, 21), (103, 21), (102, 28), (14, 31), (26, 112), (37, 112), (37, 105), (124, 102), (124, 90), (116, 90)], [(118, 109), (106, 109), (105, 116), (37, 117), (37, 128), (42, 129), (39, 186), (51, 186), (51, 178), (114, 175)], [(175, -66), (162, -66), (161, -60), (148, -64), (141, -59), (140, -44), (135, -39), (142, -27), (136, 6), (148, 31), (159, 31), (159, 25), (165, 24), (169, 6), (192, 6), (190, -14), (199, -44), (196, -51), (177, -52)], [(166, 36), (151, 35), (151, 50), (121, 51), (121, 65), (136, 64), (136, 129), (126, 136), (136, 141), (136, 149), (151, 149), (150, 134), (162, 141), (174, 134), (174, 120), (160, 121), (165, 55), (175, 53)]]
----------------------------------------------------------------------------------------------------------------------------------------------------------------------------------------------


||||||||||||||||||||||||||||||||||||||||||||||||||||||||||||||||||||||||||||||||||||||||||||||||||||||||||||||||||||||||||||||||||||||||||||||||||||||||||||||||||||||||||||||||||||||||||||||
Instância: embraer_55
Data e Hora: 04/02/2025 11:41
Margem: True
{'dimensoes': ['70', '80'], 'algoritmos': {'GCG': 1, 'GRASP': 0, 'GRASP_GCG': 0, 'Random_Key': 0}, 'num_execucoes': 1}
||||||||||||||||||||||||||||||||||||||||||||||||||||||||||||||||||||||||||||||||||||||||||||||||||||||||||||||||||||||||||||||||||||||||||||||||||||||||||||||||||||||||||||||||||||||||||||||


==============================================================================================================================================================================================
Dimensão: (441, 294)
Máximo: 70%
Tempo pré-processamento NFPs: 278.37s
==============================================================================================================================================================================================

----------------------------------------------------------------------------------------------------------------------------------------------------------------------------------------------
RESULTADOS GCG:
GCG: Tempo: 569.65s, Area: 51.65%, Peças: 18/19, Fecho: 80.0%, Box: 87.0%
Peças GCG: [[(-200, -94), (-185, -79), (-187, -25), (43, -16), (183, -52), (176, -94), (161, -79)], [(-65, -8), (-72, -10), (-72, -15), (-82, -15), (-82, -8), (-115, -8), (-115, 3), (-107, 10), (-98, 10), (-97, 3), (-76, 3), (-75, 5), (-65, 3)], [(-181, -17), (-184, 11), (-178, 19), (-142, 18), (-142, 16), (-127, 14), (-124, 10), (-119, 9), (-120, -1), (-124, -1), (-127, -7), (-130, -7), (-140, -18), (-177, -19)], [(-130, 26), (-142, 22), (-166, 33), (-195, 31), (-196, 42), (-189, 46), (-187, 52), (-176, 51), (-176, 45), (-127, 39)], [(-123, 53), (-136, 45), (-191, 63), (-188, 99), (-175, 98), (-174, 91), (-147, 88), (-123, 57)], [(-196, 121), (-191, 121), (-189, 139), (-184, 142), (-151, 141), (-135, 125), (-133, 111), (-151, 103), (-188, 104), (-191, 112), (-196, 113)], [(-70, 62), (-82, 62), (-83, 70), (-132, 77), (-131, 89), (-128, 89), (-127, 146), (-115, 146), (-114, 137), (-63, 133), (-64, 122), (-69, 122)], [(74, 46), (72, 6), (63, 6), (63, 13), (-129, 18), (-122, 37), (-69, 52)], [(-59, 129), (-47, 129), (-47, 123), (7, 126), (7, 114), (-1, 99), (-1, 57), (-20, 61), (-66, 57), (-66, 69), (-59, 69)], [(-195, 192), (-118, 184), (-103, 168), (-91, 166), (-91, 156), (-103, 147), (-121, 153), (-187, 151), (-188, 145), (-193, 145), (-198, 155), (-198, 166), (-194, 166)], [(-38, 172), (-38, 161), (-44, 160), (-48, 136), (-87, 142), (-87, 154), (-78, 154), (-75, 182), (-63, 182), (-63, 175)], [(3, 144), (14, 145), (14, 133), (35, 115), (39, 69), (25, 68), (25, 75), (5, 73), (4, 89), (13, 89), (14, 124)], [(-37, 145), (-39, 156), (-31, 157), (-37, 197), (-22, 199), (-9, 196), (-7, 185), (-13, 185), (-7, 146), (-19, 145), (-19, 148), (-24, 148), (-27, 144)], [(111, -13), (102, -17), (93, -13), (-60, -8), (-60, 3), (111, -2)], [(71, 70), (61, 71), (49, 96), (41, 97), (49, 182), (66, 183), (66, 173), (81, 172), (80, 156), (74, 156), (74, 90), (80, 82)], [(133, -35), (110, -28), (110, -19), (117, -19), (114, 173), (148, 167), (146, 131), (153, 117), (153, 26)], [(84, 3), (88, 177), (96, 177), (99, 168), (94, 112), (95, 3)], [(175, -45), (170, -44), (168, -36), (154, -36), (154, -28), (160, -28), (162, 29), (158, 48), (163, 54), (171, 53), (168, 10), (178, -33)]]
----------------------------------------------------------------------------------------------------------------------------------------------------------------------------------------------


==============================================================================================================================================================================================
Dimensão: (413, 275)
Máximo: 80%
Tempo pré-processamento NFPs: 278.37s
==============================================================================================================================================================================================

----------------------------------------------------------------------------------------------------------------------------------------------------------------------------------------------
RESULTADOS GCG:
GCG: Tempo: 516.37s, Area: 58.94%, Peças: 18/19, Fecho: 92.0%, Box: 98.0%
Peças GCG: [[(-200, -75), (-185, -60), (-187, -6), (43, 3), (183, -33), (176, -75), (161, -60)], [(-65, 10), (-72, 8), (-72, 3), (-82, 3), (-82, 10), (-115, 10), (-115, 21), (-107, 28), (-98, 28), (-97, 21), (-76, 21), (-75, 23), (-65, 21)], [(-181, 2), (-184, 30), (-178, 38), (-142, 37), (-142, 35), (-127, 33), (-124, 29), (-119, 28), (-120, 18), (-124, 18), (-127, 12), (-130, 12), (-140, 1), (-177, 0)], [(-130, 45), (-142, 41), (-166, 52), (-195, 50), (-196, 61), (-189, 65), (-187, 71), (-176, 70), (-176, 64), (-127, 58)], [(-123, 72), (-136, 64), (-191, 82), (-188, 118), (-175, 117), (-174, 110), (-147, 107), (-123, 76)], [(-196, 140), (-191, 140), (-189, 158), (-184, 161), (-151, 160), (-135, 144), (-133, 130), (-151, 122), (-188, 123), (-191, 131), (-196, 132)], [(-70, 81), (-82, 81), (-83, 89), (-132, 96), (-131, 108), (-128, 108), (-127, 165), (-115, 165), (-114, 156), (-63, 152), (-64, 141), (-69, 141)], [(83, 56), (76, 33), (67, 33), (67, 40), (-125, 36), (-119, 70), (-83, 69), (-69, 76), (22, 76)], [(-62, 128), (15, 120), (30, 104), (42, 102), (42, 92), (30, 83), (12, 89), (-54, 87), (-55, 81), (-60, 81), (-65, 91), (-65, 102), (-61, 102)], [(-192, 195), (-181, 197), (-180, 189), (-140, 195), (-138, 180), (-141, 167), (-152, 165), (-152, 171), (-191, 165), (-192, 177), (-189, 177), (-189, 182), (-193, 185)], [(-76, 197), (-65, 197), (-64, 191), (-40, 187), (-46, 148), (-58, 148), (-58, 157), (-86, 161), (-86, 172), (-79, 172)], [(111, 16), (102, 12), (93, 16), (-60, 21), (-60, 32), (111, 27)], [(-39, 131), (-39, 143), (-33, 143), (-36, 197), (-24, 197), (-9, 189), (33, 189), (29, 170), (33, 124), (21, 124), (21, 131)], [(55, 182), (65, 182), (77, 156), (85, 155), (77, 70), (60, 69), (60, 79), (45, 80), (46, 96), (52, 96), (52, 163), (46, 171)], [(122, 33), (111, 32), (111, 44), (90, 61), (86, 107), (100, 108), (100, 101), (120, 103), (121, 88), (112, 88), (111, 53)], [(158, -13), (119, -11), (119, -2), (126, -2), (131, 190), (150, 183), (165, 130)], [(166, -25), (170, 149), (178, 149), (181, 140), (176, 84), (177, -25)], [(208, -75), (203, -74), (201, -66), (187, -66), (187, -58), (193, -58), (195, -1), (191, 18), (196, 24), (204, 23), (201, -20), (211, -63)]]
----------------------------------------------------------------------------------------------------------------------------------------------------------------------------------------------

