==============================================================================================================================================================================================
RESULTADOS GERAIS: 02/02/2025 22:31
==============================================================================================================================================================================================


||||||||||||||||||||||||||||||||||||||||||||||||||||||||||||||||||||||||||||||||||||||||||||||||||||||||||||||||||||||||||||||||||||||||||||||||||||||||||||||||||||||||||||||||||||||||||||||
Instância: embraer_3274
Data e Hora: 02/02/2025 22:31
Margem: True
{'dimensoes': ['60'], 'algoritmos': {'GCG': 1, 'GRASP': 0, 'GRASP_GCG': 0, 'Random_Key': 0}, 'num_execucoes': 1}
||||||||||||||||||||||||||||||||||||||||||||||||||||||||||||||||||||||||||||||||||||||||||||||||||||||||||||||||||||||||||||||||||||||||||||||||||||||||||||||||||||||||||||||||||||||||||||||


==============================================================================================================================================================================================
Dimensão: (498, 332)
Máximo: 60%
Tempo pré-processamento NFPs: 9.5s
==============================================================================================================================================================================================

----------------------------------------------------------------------------------------------------------------------------------------------------------------------------------------------
RESULTADOS GCG:
GCG: Tempo: 195.76s, Area: 40.52%, Peças: 15/16, Fecho: 56.99999999999999%, Box: 62.0%
Peças GCG: [[(-172, -132), (-194, -128), (-198, 158), (-172, 161)], [(-150, -132), (-167, -128), (-170, 158), (-157, 163), (-146, 158)], [(-141, -132), (-146, -36), (-132, -12), (-123, -10), (-78, -35), (-58, -73), (-57, -85), (-129, -131)], [(-59, 91), (-57, -11), (-66, -28), (-76, -31), (-116, -8), (-140, 33), (-142, 44), (-135, 53)], [(-143, 82), (-140, 134), (-107, 143), (-63, 143), (-61, 95), (-107, 80)], [(-130, 182), (-121, 193), (-83, 193), (-64, 174), (-64, 154), (-67, 150), (-85, 148), (-128, 151), (-131, 154)], [(69, -117), (46, -130), (-50, -132), (-57, -128), (-13, -45), (2, -46), (43, -65)], [(-25, -12), (-21, -15), (-28, -62), (-38, -84), (-43, -84), (-48, -75), (-50, -12)], [(46, 73), (67, 40), (59, -54), (-24, -8), (-19, 17), (0, 49)], [(-45, 6), (-52, 12), (-46, 83), (-34, 87), (-8, 83), (-6, 74), (-11, 38), (-35, 5)], [(64, 84), (-21, 90), (-47, 109), (-47, 123), (-37, 131), (60, 139)], [(-17, 145), (-17, 155), (13, 181), (52, 184), (62, 182), (65, 156), (61, 144), (-14, 141)], [(119, -88), (116, -132), (77, -132), (69, -129), (73, -88), (76, -84)], [(107, -79), (76, -79), (73, -75), (75, -14), (78, -11), (98, -14), (113, -32), (116, -69)], [(113, -1), (89, -7), (81, -5), (72, 40), (73, 47), (97, 56), (107, 54), (114, 8)]]
----------------------------------------------------------------------------------------------------------------------------------------------------------------------------------------------


||||||||||||||||||||||||||||||||||||||||||||||||||||||||||||||||||||||||||||||||||||||||||||||||||||||||||||||||||||||||||||||||||||||||||||||||||||||||||||||||||||||||||||||||||||||||||||||
Instância: embraer_3153
Data e Hora: 02/02/2025 22:31
Margem: True
{'dimensoes': ['60'], 'algoritmos': {'GCG': 1, 'GRASP': 0, 'GRASP_GCG': 0, 'Random_Key': 0}, 'num_execucoes': 1}
||||||||||||||||||||||||||||||||||||||||||||||||||||||||||||||||||||||||||||||||||||||||||||||||||||||||||||||||||||||||||||||||||||||||||||||||||||||||||||||||||||||||||||||||||||||||||||||


==============================================================================================================================================================================================
Dimensão: (505, 336)
Máximo: 60%
Tempo pré-processamento NFPs: 10.06s
==============================================================================================================================================================================================

