==============================================================================================================================================================================================
RESULTADOS GERAIS: 23/01/2025 17:05
==============================================================================================================================================================================================


||||||||||||||||||||||||||||||||||||||||||||||||||||||||||||||||||||||||||||||||||||||||||||||||||||||||||||||||||||||||||||||||||||||||||||||||||||||||||||||||||||||||||||||||||||||||||||||
Instância: embraer_3274
Data e Hora: 23/01/2025 17:05
Margem: True
{'dimensoes': ['70'], 'algoritmos': {'GCG': 0, 'GRASP': 1, 'GRASP_GCG': 1, 'Random_Key': 0}, 'num_execucoes': 5}
||||||||||||||||||||||||||||||||||||||||||||||||||||||||||||||||||||||||||||||||||||||||||||||||||||||||||||||||||||||||||||||||||||||||||||||||||||||||||||||||||||||||||||||||||||||||||||||


==============================================================================================================================================================================================
Dimensão: (461, 307)
Máximo: 70%
Tempo pré-processamento NFPs: 11.63s
==============================================================================================================================================================================================

----------------------------------------------------------------------------------------------------------------------------------------------------------------------------------------------
RESULTADOS GRASP:
GRASP: Tempo: 546.82s, Area: 70.28%, Peças: 16/16, Fecho: 94.0%, Box: 99.0%
Peças GRASP 1: [[(-200, -103), (-196, -86), (90, -82), (95, -95), (90, -107)], [(93, -68), (100, -61), (171, -67), (175, -79), (170, -105), (161, -107), (125, -102), (93, -78)], [(90, -63), (67, -76), (-29, -78), (-36, -74), (8, 9), (23, 8), (64, -11)], [(-40, -79), (-125, -73), (-151, -54), (-151, -40), (-141, -32), (-44, -24)], [(50, 26), (152, 28), (169, 19), (172, 9), (149, -31), (108, -55), (97, -57), (88, -50)], [(-62, -17), (-68, 6), (-66, 14), (-21, 23), (-14, 22), (-5, -1), (-7, -11), (-53, -19)], [(222, 29), (243, -4), (235, -98), (152, -52), (157, -27), (176, 5)], [(-141, 1), (-138, 5), (-91, -1), (-69, -11), (-69, -16), (-78, -21), (-141, -24)], [(-133, 132), (-74, 169), (203, 113), (201, 44), (-14, 26), (-113, 90)], [(-77, 12), (-173, 7), (-197, 21), (-199, 30), (-174, 75), (-135, 95), (-123, 96), (-77, 24)], [(-189, -79), (-200, -70), (-200, -32), (-181, -13), (-161, -13), (-157, -16), (-156, -34), (-158, -77), (-161, -80)], [(246, 21), (236, 21), (210, 51), (207, 90), (209, 100), (235, 103), (247, 100), (250, 25)], [(-145, 95), (-176, 95), (-179, 99), (-177, 160), (-174, 163), (-154, 160), (-139, 142), (-136, 105)], [(255, 114), (203, 117), (194, 150), (195, 194), (243, 196), (257, 150)], [(186, 127), (142, 130), (142, 169), (145, 177), (186, 173), (190, 170)], [(143, 199), (139, 177), (-147, 173), (-150, 199)]]

GRASP: Tempo: 263.88s, Area: 70.42%, Peças: 16/16, Fecho: 95.0%, Box: 99.0%
Peças GRASP 2: [[(-200, -103), (-196, -86), (90, -82), (95, -95), (90, -107)], [(93, -68), (100, -61), (171, -67), (175, -79), (170, -105), (161, -107), (125, -102), (93, -78)], [(97, -56), (64, -77), (-30, -69), (15, 14), (41, 9), (73, -10)], [(-34, -75), (-130, -80), (-154, -66), (-156, -57), (-131, -12), (-92, 8), (-80, 9), (-34, -63)], [(69, 11), (92, 24), (188, 26), (195, 22), (150, -61), (135, -60), (95, -41)], [(-23, -44), (-33, -44), (-59, -14), (-62, 25), (-60, 35), (-34, 38), (-22, 35), (-19, -40)], [(-113, 128), (-54, 165), (223, 109), (221, 40), (6, 22), (-93, 86)], [(-153, -18), (-155, 84), (-146, 101), (-136, 104), (-96, 82), (-72, 41), (-70, 30), (-77, 21)], [(237, -100), (185, -97), (176, -64), (177, -20), (225, -18), (239, -64)], [(-156, -47), (-180, -53), (-188, -51), (-197, -6), (-196, 1), (-172, 10), (-162, 8), (-155, -38)], [(-144, 188), (-150, 103), (-169, 77), (-183, 77), (-191, 87), (-199, 184)], [(-139, 152), (-139, 183), (-135, 186), (-74, 185), (-71, 182), (-74, 162), (-92, 147), (-129, 143)], [(-68, 170), (-64, 192), (222, 197), (225, 170)], [(235, 132), (226, 120), (188, 121), (169, 139), (169, 159), (172, 163), (190, 165), (233, 163), (236, 160)], [(249, 31), (246, -13), (207, -13), (199, -10), (203, 31), (206, 35)], [(236, 81), (232, 84), (239, 131), (249, 153), (254, 153), (259, 144), (261, 81)]]

GRASP: Tempo: 1110.65s, Area: 68.63%, Peças: 15/16, Fecho: 93.0%, Box: 100.0%
Peças GRASP 3: [[(-179, -107), (-200, -74), (-192, 20), (-109, -25), (-114, -50), (-133, -82)], [(-132, -107), (-128, -85), (158, -80), (161, -107)], [(-60, -67), (-104, -64), (-104, -25), (-101, -17), (-60, -21), (-56, -24)], [(68, -73), (-28, -78), (-52, -64), (-54, -55), (-29, -10), (10, 10), (22, 11), (68, -61)], [(39, 6), (141, 8), (158, -1), (161, -11), (138, -51), (97, -75), (86, -77), (77, -70)], [(-114, 20), (-107, 27), (-36, 21), (-32, 9), (-37, -17), (-46, -19), (-82, -14), (-114, 10)], [(-132, 118), (-73, 155), (204, 99), (202, 30), (-13, 12), (-112, 76)], [(-174, 15), (-180, 38), (-178, 46), (-133, 55), (-126, 54), (-117, 31), (-119, 21), (-165, 13)], [(261, -60), (238, -73), (142, -75), (135, -71), (179, 12), (194, 11), (235, -8)], [(-73, 160), (-69, 177), (217, 181), (222, 168), (217, 156)], [(246, -3), (236, -3), (210, 27), (207, 66), (209, 76), (235, 79), (247, 76), (250, 1)], [(107, 148), (110, 152), (157, 146), (179, 136), (179, 131), (170, 126), (107, 123)], [(-133, 60), (-185, 63), (-194, 96), (-193, 140), (-145, 142), (-131, 96)], [(-198, 200), (-113, 194), (-87, 175), (-88, 161), (-98, 153), (-194, 145)], [(250, 118), (241, 106), (203, 107), (184, 125), (184, 145), (187, 149), (205, 151), (248, 149), (251, 146)]]

GRASP: Tempo: 193.11s, Area: 70.25%, Peças: 16/16, Fecho: 91.0%, Box: 99.0%
Peças GRASP 4: [[(-200, -1), (-141, 36), (136, -20), (134, -89), (-81, -107), (-180, -43)], [(139, -61), (148, -50), (186, -50), (205, -69), (205, -89), (202, -93), (184, -95), (141, -92), (138, -89)], [(138, 9), (223, 3), (249, -16), (248, -30), (238, -38), (142, -46)], [(55, 1), (58, 53), (91, 62), (135, 62), (137, 14), (91, -1)], [(51, 26), (-45, 21), (-69, 35), (-71, 44), (-46, 89), (-7, 109), (5, 110), (51, 38)], [(-165, 99), (-132, 120), (-38, 112), (-84, 29), (-109, 34), (-141, 53)], [(131, 80), (154, 93), (250, 95), (257, 91), (212, 8), (197, 9), (157, 28)], [(3, 139), (105, 141), (122, 132), (125, 122), (102, 82), (61, 58), (50, 56), (41, 63)], [(124, 101), (124, 111), (154, 137), (193, 140), (203, 138), (206, 112), (202, 100), (127, 97)], [(-97, 149), (-93, 166), (193, 170), (198, 157), (193, 145)], [(218, 101), (211, 107), (217, 178), (229, 182), (255, 178), (257, 169), (252, 133), (228, 100)], [(254, -95), (210, -92), (210, -53), (213, -45), (254, -49), (258, -52)], [(-163, 27), (-194, 27), (-197, 31), (-195, 92), (-192, 95), (-172, 92), (-157, 74), (-154, 37)], [(215, 198), (211, 176), (-75, 172), (-78, 198)], [(-156, 124), (-162, 147), (-160, 155), (-115, 164), (-108, 163), (-99, 140), (-101, 130), (-147, 122)], [(-159, 192), (-156, 196), (-109, 190), (-87, 180), (-87, 175), (-96, 170), (-159, 167)]]

GRASP: Tempo: 149.13s, Area: 70.32%, Peças: 16/16, Fecho: 91.0%, Box: 96.0%
Peças GRASP 5: [[(-179, -107), (-200, -74), (-192, 20), (-109, -25), (-114, -50), (-133, -82)], [(-132, -107), (-128, -85), (158, -80), (161, -107)], [(4, -65), (-19, -78), (-115, -80), (-122, -76), (-78, 7), (-63, 6), (-22, -13)], [(12, -75), (6, -52), (8, -44), (53, -35), (60, -36), (69, -59), (67, -69), (21, -77)], [(-99, 73), (-40, 110), (237, 54), (235, -15), (20, -33), (-79, 31)], [(-105, 109), (-103, 7), (-112, -10), (-122, -13), (-162, 10), (-186, 51), (-188, 62), (-181, 71)], [(154, -34), (154, -44), (124, -70), (85, -73), (75, -71), (72, -45), (75, -33), (151, -30)], [(-40, 114), (-36, 131), (250, 135), (255, 122), (250, 110)], [(-142, 187), (-46, 192), (-22, 178), (-20, 169), (-46, 124), (-84, 104), (-96, 103), (-142, 175)], [(-132, 101), (-176, 104), (-176, 143), (-173, 151), (-132, 147), (-128, 144)], [(-16, 191), (69, 185), (95, 166), (94, 152), (84, 144), (-12, 136)], [(170, 99), (177, 106), (248, 100), (252, 88), (247, 62), (238, 60), (202, 65), (170, 89)], [(165, 151), (156, 139), (118, 140), (99, 158), (99, 178), (102, 182), (120, 184), (163, 182), (166, 179)], [(186, -26), (190, -29), (183, -76), (173, -98), (168, -98), (163, -89), (161, -26)], [(195, -23), (247, -26), (255, -59), (255, -103), (207, -105), (193, -59)], [(171, 148), (171, 179), (175, 182), (236, 181), (239, 178), (236, 158), (218, 143), (181, 139)]]


Estatísticas GRASP:
Tempo - Média: 452.72s, Desvio: 356.92s
Área - Média: 69.98%, Desvio: 0.68%
Peças - Média: 15.8, Desvio: 0.4
----------------------------------------------------------------------------------------------------------------------------------------------------------------------------------------------

----------------------------------------------------------------------------------------------------------------------------------------------------------------------------------------------
RESULTADOS GRASP_GCG:
GRASP_GCG: Tempo: 3245.92s, Area: 65.78%, Peças: 13/16, Fecho: 93.0%, Box: 99.0%
Peças GRASP_GCG 1: [[(-179, -107), (-200, -74), (-192, 20), (-109, -25), (-114, -50), (-133, -82)], [(-115, 118), (-110, 22), (-124, -2), (-133, -4), (-178, 22), (-198, 60), (-199, 72), (-127, 118)], [(-110, -1), (-51, 36), (226, -20), (224, -89), (9, -107), (-90, -43)], [(25, 58), (2, 45), (-94, 43), (-101, 47), (-57, 130), (-42, 129), (-1, 110)], [(-134, 130), (-143, 118), (-181, 119), (-200, 137), (-200, 157), (-197, 161), (-179, 163), (-136, 161), (-133, 158)], [(-125, 135), (-122, 187), (-89, 196), (-45, 196), (-43, 148), (-89, 133)], [(-35, -100), (-42, -107), (-113, -101), (-117, -89), (-113, -63), (-104, -61), (-68, -66), (-35, -90)], [(-35, 137), (-31, 154), (255, 158), (260, 145), (255, 133)], [(25, 82), (25, 113), (29, 116), (90, 115), (93, 112), (90, 92), (72, 77), (35, 73)], [(45, 30), (39, 53), (41, 61), (86, 70), (93, 69), (102, 46), (100, 36), (54, 28)], [(115, 12), (121, 97), (140, 123), (154, 123), (162, 113), (170, 17)], [(-35, 163), (-31, 185), (255, 190), (258, 163)], [(178, -2), (176, 100), (185, 117), (195, 120), (235, 98), (259, 57), (261, 46), (254, 37)]]

GRASP_GCG: Tempo: 3973.55s, Area: 64.4%, Peças: 14/16, Fecho: 91.0%, Box: 98.0%
Peças GRASP_GCG 2: [[(-185, -107), (-198, -85), (-200, 11), (-196, 18), (-113, -26), (-114, -41), (-133, -81)], [(-200, 74), (-141, 111), (136, 55), (134, -14), (-81, -32), (-180, 32)], [(-164, 103), (-195, 103), (-198, 107), (-196, 168), (-193, 171), (-173, 168), (-158, 150), (-155, 113)], [(25, 108), (-71, 103), (-95, 117), (-97, 126), (-72, 171), (-33, 191), (-21, 192), (25, 120)], [(-89, 160), (-98, 148), (-136, 149), (-155, 167), (-155, 187), (-152, 191), (-134, 193), (-91, 191), (-88, 188)], [(-119, -105), (-125, -82), (-123, -74), (-78, -65), (-71, -66), (-62, -89), (-64, -99), (-110, -107)], [(-65, -54), (-58, -47), (13, -53), (17, -65), (12, -91), (3, -93), (-33, -88), (-65, -64)], [(145, 193), (167, 189), (171, -97), (145, -100)], [(109, 193), (130, 160), (122, 66), (39, 112), (44, 137), (63, 169)], [(178, -107), (176, -5), (185, 12), (195, 15), (235, -7), (259, -48), (261, -59), (254, -68)], [(130, -77), (45, -71), (19, -52), (19, -38), (29, -30), (126, -22)], [(177, 103), (229, 100), (237, 67), (237, 23), (189, 21), (175, 67)], [(25, -82), (28, -78), (75, -84), (97, -94), (97, -99), (88, -104), (25, -107)], [(181, 193), (191, 193), (217, 163), (220, 124), (218, 114), (192, 111), (180, 114), (177, 190)]]

GRASP_GCG: Tempo: 2843.67s, Area: 63.67%, Peças: 12/16, Fecho: 90.0%, Box: 96.0%
Peças GRASP_GCG 3: [[(-195, -107), (-200, -11), (-186, 13), (-177, 15), (-132, -10), (-112, -48), (-111, -60), (-183, -106)], [(-113, 118), (-111, 16), (-120, -1), (-130, -4), (-170, 19), (-194, 60), (-196, 71), (-189, 80)], [(-110, -1), (-51, 36), (226, -20), (224, -89), (9, -107), (-90, -43)], [(25, 58), (2, 45), (-94, 43), (-101, 47), (-57, 130), (-42, 129), (-1, 110)], [(-110, 176), (-113, 124), (-146, 116), (-190, 116), (-192, 164), (-146, 178)], [(190, 163), (186, 141), (-100, 137), (-103, 163)], [(190, 189), (186, 172), (-100, 169), (-105, 182), (-100, 193)], [(64, 43), (54, 43), (28, 73), (25, 112), (27, 122), (53, 125), (65, 122), (68, 47)], [(100, 12), (106, 97), (125, 123), (139, 123), (147, 113), (155, 17)], [(181, -2), (160, 31), (168, 125), (251, 80), (246, 55), (227, 23)], [(241, 118), (210, 118), (207, 122), (209, 183), (212, 186), (232, 183), (247, 165), (250, 128)], [(-119, -105), (-125, -82), (-123, -74), (-78, -65), (-71, -66), (-62, -89), (-64, -99), (-110, -107)]]

