==============================================================================================================================================================================================
RESULTADOS GERAIS: 26/01/2025 02:10
==============================================================================================================================================================================================


||||||||||||||||||||||||||||||||||||||||||||||||||||||||||||||||||||||||||||||||||||||||||||||||||||||||||||||||||||||||||||||||||||||||||||||||||||||||||||||||||||||||||||||||||||||||||||||
Instância: embraer_3274
Data e Hora: 26/01/2025 02:10
Margem: True
{'dimensoes': ['50', '60', '70', '80'], 'algoritmos': {'GCG': 0, 'GRASP': 0, 'GRASP_GCG': 1, 'Random_Key': 0}, 'num_execucoes': 5}
||||||||||||||||||||||||||||||||||||||||||||||||||||||||||||||||||||||||||||||||||||||||||||||||||||||||||||||||||||||||||||||||||||||||||||||||||||||||||||||||||||||||||||||||||||||||||||||


==============================================================================================================================================================================================
Dimensão: (546, 364)
Máximo: 50%
Tempo pré-processamento NFPs: 9.67s
==============================================================================================================================================================================================

----------------------------------------------------------------------------------------------------------------------------------------------------------------------------------------------
RESULTADOS GRASP_GCG:
GRASP_GCG: Tempo: 13.66s, Area: 49.89%, Peças: 16/16, Fecho: 75.0%, Box: 93.0%
Peças GRASP_GCG 1: [[(-185, -164), (-198, -142), (-200, -46), (-196, -39), (-113, -83), (-114, -98), (-133, -138)], [(-123, 47), (-102, 14), (-110, -80), (-193, -34), (-188, -9), (-169, 23)], [(-184, 26), (-189, 122), (-175, 146), (-166, 148), (-121, 123), (-101, 85), (-100, 73), (-172, 27)], [(-101, 185), (-101, 154), (-105, 151), (-166, 153), (-169, 156), (-166, 176), (-148, 191), (-111, 194)], [(-73, -158), (-110, -99), (-53, 178), (16, 176), (33, -39), (-31, -138)], [(316, 183), (312, 166), (26, 163), (21, 176), (26, 187)], [(25, 155), (28, 159), (75, 153), (97, 143), (97, 138), (88, 133), (25, 130)], [(318, 125), (314, 103), (28, 99), (25, 125)], [(35, 54), (29, 77), (31, 85), (76, 94), (83, 93), (92, 70), (90, 60), (44, 52)], [(71, -32), (61, -32), (35, -2), (32, 37), (34, 47), (60, 50), (72, 47), (75, -28)], [(19, -147), (25, -62), (44, -36), (58, -36), (66, -46), (74, -142)], [(74, -85), (77, -33), (110, -24), (154, -24), (156, -72), (110, -87)], [(94, -20), (87, -14), (93, 57), (105, 61), (131, 57), (133, 48), (128, 12), (104, -21)], [(143, -125), (134, -137), (96, -136), (77, -118), (77, -98), (80, -94), (98, -92), (141, -94), (144, -97)], [(179, -21), (135, -18), (135, 21), (138, 29), (179, 25), (183, 22)], [(151, 95), (253, 97), (270, 88), (273, 78), (250, 38), (209, 14), (198, 12), (189, 19)]]

GRASP_GCG: Tempo: 6.25s, Area: 49.93%, Peças: 16/16, Fecho: 70.0%, Box: 83.0%
Peças GRASP_GCG 2: [[(-195, -164), (-200, -68), (-186, -44), (-177, -42), (-132, -67), (-112, -105), (-111, -117), (-183, -163)], [(-104, 43), (-83, 10), (-91, -84), (-174, -38), (-169, -13), (-150, 19)], [(-182, 8), (-184, 110), (-175, 127), (-165, 130), (-125, 108), (-101, 67), (-99, 56), (-106, 47)], [(-123, 179), (-126, 135), (-165, 135), (-173, 138), (-169, 179), (-166, 183)], [(-64, 195), (-70, 110), (-89, 84), (-103, 84), (-111, 94), (-119, 191)], [(22, 199), (59, 140), (2, -137), (-67, -135), (-84, 80), (-21, 179)], [(-125, -134), (-122, -130), (-75, -136), (-53, -146), (-53, -151), (-62, -156), (-125, -159)], [(64, 62), (57, 68), (63, 139), (75, 143), (101, 139), (103, 130), (98, 94), (74, 61)], [(77, 57), (88, 48), (88, 10), (69, -9), (49, -9), (45, -6), (43, 12), (46, 55), (49, 58)], [(63, -80), (32, -80), (29, -76), (31, -15), (34, -12), (54, -15), (69, -33), (72, -70)], [(55, -142), (31, -148), (23, -146), (14, -101), (15, -94), (39, -85), (49, -87), (56, -133)], [(137, 187), (137, 177), (107, 151), (68, 148), (58, 150), (55, 176), (58, 188), (134, 191)], [(134, -143), (112, -139), (108, 147), (134, 150)], [(159, -118), (142, -114), (139, 172), (152, 177), (163, 172)], [(183, 53), (170, 75), (168, 171), (172, 178), (255, 134), (254, 119), (235, 79)], [(248, 55), (245, 3), (212, -5), (168, -5), (166, 43), (212, 57)]]

GRASP_GCG: Tempo: 4.81s, Area: 49.9%, Peças: 16/16, Fecho: 73.0%, Box: 88.0%
Peças GRASP_GCG 3: [[(-200, -162), (-197, -110), (-164, -101), (-120, -101), (-118, -149), (-164, -164)], [(-116, -62), (-116, -93), (-120, -96), (-181, -94), (-184, -91), (-181, -71), (-163, -56), (-126, -53)], [(-154, -48), (-165, -39), (-165, -1), (-146, 18), (-126, 18), (-122, 15), (-121, -3), (-123, -46), (-126, -49)], [(-174, -1), (-170, -4), (-177, -51), (-187, -73), (-192, -73), (-197, -64), (-199, -1)], [(-189, 3), (-194, 99), (-180, 123), (-171, 125), (-126, 100), (-106, 62), (-105, 50), (-177, 4)], [(-64, 40), (-70, -45), (-89, -71), (-103, -71), (-111, -61), (-119, 36)], [(-44, 166), (-42, 64), (-51, 47), (-61, 44), (-101, 67), (-125, 108), (-127, 119), (-120, 128)], [(-102, 169), (-102, 159), (-132, 133), (-171, 130), (-181, 132), (-184, 158), (-181, 170), (-105, 173)], [(-106, -156), (-113, -150), (-107, -79), (-95, -75), (-69, -79), (-67, -88), (-72, -124), (-96, -157)], [(-28, -136), (-65, -77), (-8, 200), (61, 198), (78, -17), (14, -116)], [(64, -119), (61, -163), (22, -163), (14, -160), (18, -119), (21, -115)], [(95, -109), (71, -115), (63, -113), (54, -68), (55, -61), (79, -52), (89, -54), (96, -100)], [(123, -104), (101, -100), (97, 186), (123, 189)], [(148, -101), (131, -97), (128, 189), (141, 194), (152, 189)], [(172, 71), (159, 93), (157, 189), (161, 196), (244, 152), (243, 137), (224, 97)], [(155, 52), (188, 73), (282, 65), (236, -18), (211, -13), (179, 6)]]

GRASP_GCG: Tempo: 10.13s, Area: 49.99%, Peças: 16/16, Fecho: 77.0%, Box: 83.0%
Peças GRASP_GCG 4: [[(-185, -164), (-198, -142), (-200, -46), (-196, -39), (-113, -83), (-114, -98), (-133, -138)], [(-123, 47), (-102, 14), (-110, -80), (-193, -34), (-188, -9), (-169, 23)], [(-184, 26), (-189, 122), (-175, 146), (-166, 148), (-121, 123), (-101, 85), (-100, 73), (-172, 27)], [(-101, 185), (-101, 154), (-105, 151), (-166, 153), (-169, 156), (-166, 176), (-148, 191), (-111, 194)], [(-73, -158), (-110, -99), (-53, 178), (16, 176), (33, -39), (-31, -138)], [(-100, 100), (-104, 103), (-97, 150), (-87, 172), (-82, 172), (-77, 163), (-75, 100)], [(76, 179), (70, 94), (51, 68), (37, 68), (29, 78), (21, 175)], [(68, 63), (79, 54), (79, 16), (60, -3), (40, -3), (36, 0), (34, 18), (37, 61), (40, 64)], [(-30, -164), (-26, -142), (260, -137), (263, -164)], [(9, -133), (12, -81), (45, -72), (89, -72), (91, -120), (45, -135)], [(109, -77), (99, -77), (73, -47), (70, -8), (72, 2), (98, 5), (110, 2), (113, -73)], [(136, -134), (119, -130), (116, 156), (129, 161), (140, 156)], [(148, -133), (141, -127), (147, -56), (159, -52), (185, -56), (187, -65), (182, -101), (158, -134)], [(184, -41), (160, -47), (152, -45), (143, 0), (144, 7), (168, 16), (178, 14), (185, -32)], [(188, 19), (144, 22), (144, 61), (147, 69), (188, 65), (192, 62)], [(228, 180), (230, 78), (221, 61), (211, 58), (171, 81), (147, 122), (145, 133), (152, 142)]]

GRASP_GCG: Tempo: 5.61s, Area: 49.9%, Peças: 16/16, Fecho: 72.0%, Box: 86.0%
Peças GRASP_GCG 5: [[(-179, -164), (-200, -131), (-192, -37), (-109, -82), (-114, -107), (-133, -139)], [(-88, 43), (-83, -53), (-97, -77), (-106, -79), (-151, -53), (-171, -15), (-172, -3), (-100, 43)], [(-179, 8), (-181, 110), (-172, 127), (-162, 130), (-122, 108), (-98, 67), (-96, 56), (-103, 47)], [(-161, 180), (-117, 177), (-117, 138), (-120, 130), (-161, 135), (-165, 138)], [(-112, 106), (-116, 109), (-109, 156), (-99, 178), (-94, 178), (-89, 169), (-87, 106)], [(-33, 105), (-39, 20), (-58, -6), (-72, -6), (-80, 4), (-88, 101)], [(-103, -160), (-110, -154), (-104, -83), (-92, -79), (-66, -83), (-64, -92), (-69, -128), (-93, -161)], [(-23, 109), (-75, 112), (-84, 145), (-83, 189), (-35, 191), (-21, 145)], [(-44, -11), (-33, -20), (-33, -58), (-52, -77), (-72, -77), (-76, -74), (-78, -56), (-75, -13), (-72, -10)], [(-20, -162), (-30, -162), (-56, -132), (-59, -93), (-57, -83), (-31, -80), (-19, -83), (-16, -158)], [(22, -139), (-15, -80), (42, 197), (111, 195), (128, -20), (64, -119)], [(-10, 194), (21, 194), (24, 190), (22, 129), (19, 126), (-1, 129), (-16, 147), (-19, 184)], [(70, -155), (64, -132), (66, -124), (111, -115), (118, -116), (127, -139), (125, -149), (79, -157)], [(135, 153), (152, 149), (155, -137), (142, -142), (131, -137)], [(183, -140), (161, -136), (157, 150), (183, 153)], [(203, 34), (190, 56), (188, 152), (192, 159), (275, 115), (274, 100), (255, 60)]]


Estatísticas GRASP_GCG:
Tempo - Média: 8.09s, Desvio: 3.33s
Área - Média: 49.92%, Desvio: 0.04%
Peças - Média: 16.0, Desvio: 0.0
----------------------------------------------------------------------------------------------------------------------------------------------------------------------------------------------


==============================================================================================================================================================================================
Dimensão: (498, 332)
Máximo: 60%
Tempo pré-processamento NFPs: 9.67s
==============================================================================================================================================================================================

----------------------------------------------------------------------------------------------------------------------------------------------------------------------------------------------
RESULTADOS GRASP_GCG:
GRASP_GCG: Tempo: 32.64s, Area: 60.2%, Peças: 16/16, Fecho: 88.0%, Box: 96.0%
Peças GRASP_GCG 1: [[(-200, -132), (-196, -110), (90, -105), (93, -132)], [(-200, -96), (-196, -79), (90, -75), (95, -88), (90, -100)], [(98, -58), (89, -70), (51, -69), (32, -51), (32, -31), (35, -27), (53, -25), (96, -27), (99, -30)], [(27, -66), (24, -70), (-23, -63), (-45, -53), (-45, -48), (-36, -43), (27, -41)], [(-49, -65), (-145, -70), (-169, -56), (-171, -47), (-146, -2), (-107, 18), (-95, 19), (-49, -53)], [(-10, 17), (-95, 23), (-121, 42), (-121, 56), (-111, 64), (-14, 72)], [(-184, -32), (-191, -26), (-185, 45), (-173, 49), (-147, 45), (-145, 36), (-150, 0), (-174, -33)], [(-175, 53), (-196, 86), (-188, 180), (-105, 135), (-110, 110), (-129, 78)], [(234, 75), (175, 38), (-102, 95), (-100, 164), (115, 181), (214, 117)], [(-5, -16), (-5, 15), (-1, 18), (60, 17), (63, 14), (60, -6), (42, -21), (5, -25)], [(80, 18), (103, 31), (199, 33), (206, 29), (161, -54), (146, -53), (106, -34)], [(137, -115), (113, -121), (105, -119), (96, -74), (97, -67), (121, -58), (131, -60), (138, -106)], [(221, -60), (221, -70), (191, -96), (152, -99), (142, -97), (139, -71), (142, -59), (218, -56)], [(279, 46), (281, -56), (272, -73), (262, -76), (222, -53), (198, -12), (196, -1), (203, 8)], [(226, 159), (278, 156), (286, 123), (286, 79), (238, 77), (224, 123)], [(220, 144), (176, 147), (176, 186), (179, 194), (220, 190), (224, 187)]]

GRASP_GCG: Tempo: 4.7s, Area: 60.17%, Peças: 16/16, Fecho: 82.0%, Box: 93.0%
Peças GRASP_GCG 2: [[(-200, -132), (-196, -110), (90, -105), (93, -132)], [(-200, -96), (-196, -79), (90, -75), (95, -88), (90, -100)], [(148, -34), (89, -71), (-188, -14), (-186, 55), (29, 72), (128, 8)], [(-199, -70), (-199, -60), (-169, -34), (-130, -31), (-120, -33), (-117, -59), (-121, -71), (-196, -74)], [(-189, 115), (-104, 109), (-78, 90), (-79, 76), (-89, 68), (-185, 60)], [(-97, 121), (-104, 114), (-175, 120), (-179, 132), (-175, 158), (-166, 160), (-130, 155), (-97, 131)], [(-98, 155), (-2, 160), (22, 146), (24, 137), (-2, 92), (-40, 72), (-52, 71), (-98, 143)], [(124, 93), (91, 72), (-3, 80), (42, 163), (68, 158), (100, 139)], [(110, -123), (99, -114), (99, -76), (118, -57), (138, -57), (142, -60), (143, -78), (141, -121), (138, -124)], [(151, 73), (148, 29), (109, 29), (101, 32), (105, 73), (108, 77)], [(167, -92), (154, -70), (152, 26), (156, 33), (239, -11), (238, -26), (219, -66)], [(-128, 160), (-134, 183), (-132, 191), (-87, 200), (-80, 199), (-71, 176), (-73, 166), (-119, 158)], [(-66, 187), (-63, 191), (-16, 185), (6, 175), (6, 170), (-3, 165), (-66, 162)], [(129, 80), (132, 132), (165, 141), (209, 141), (211, 93), (165, 78)], [(262, 113), (264, 11), (255, -6), (245, -9), (205, 14), (181, 55), (179, 66), (186, 75)], [(93, 153), (93, 184), (97, 187), (158, 186), (161, 183), (158, 163), (140, 148), (103, 144)]]

GRASP_GCG: Tempo: 27.52s, Area: 60.21%, Peças: 16/16, Fecho: 86.0%, Box: 98.0%
Peças GRASP_GCG 3: [[(-200, -130), (-197, -78), (-164, -69), (-120, -69), (-118, -117), (-164, -132)], [(-116, -30), (-116, -61), (-120, -64), (-181, -62), (-184, -59), (-181, -39), (-163, -24), (-126, -21)], [(-154, -16), (-165, -7), (-165, 31), (-146, 50), (-126, 50), (-122, 47), (-121, 29), (-123, -14), (-126, -17)], [(-174, 30), (-170, 27), (-177, -20), (-187, -42), (-192, -42), (-197, -33), (-199, 30)], [(-189, 35), (-194, 131), (-180, 155), (-171, 157), (-126, 132), (-106, 94), (-105, 82), (-177, 36)], [(-64, 72), (-70, -13), (-89, -39), (-103, -39), (-111, -29), (-119, 68)], [(-128, 149), (-105, 162), (-9, 164), (-2, 160), (-47, 77), (-62, 78), (-102, 97)], [(-106, -124), (-113, -118), (-107, -47), (-95, -43), (-69, -47), (-67, -56), (-72, -92), (-96, -125)], [(-46, -74), (-67, -41), (-59, 53), (24, 8), (19, -17), (0, -49)], [(-72, -112), (-68, -95), (218, -91), (223, -104), (218, -116)], [(-38, 83), (21, 120), (298, 64), (296, -5), (81, -23), (-18, 41)], [(-22, -86), (-18, -64), (268, -59), (271, -86)], [(83, 163), (83, 153), (53, 127), (14, 124), (4, 126), (1, 152), (4, 164), (80, 167)], [(197, 111), (95, 109), (78, 118), (75, 128), (97, 168), (139, 192), (150, 194), (159, 187)], [(233, 118), (209, 112), (201, 114), (192, 159), (193, 166), (217, 175), (227, 173), (234, 127)], [(283, 77), (239, 80), (239, 119), (242, 127), (283, 123), (287, 120)]]

GRASP_GCG: Tempo: 32.78s, Area: 60.17%, Peças: 16/16, Fecho: 82.0%, Box: 93.0%
Peças GRASP_GCG 4: [[(-200, -132), (-196, -110), (90, -105), (93, -132)], [(-200, -96), (-196, -79), (90, -75), (95, -88), (90, -100)], [(148, -34), (89, -71), (-188, -14), (-186, 55), (29, 72), (128, 8)], [(-199, -70), (-199, -60), (-169, -34), (-130, -31), (-120, -33), (-117, -59), (-121, -71), (-196, -74)], [(-189, 115), (-104, 109), (-78, 90), (-79, 76), (-89, 68), (-185, 60)], [(-97, 121), (-104, 114), (-175, 120), (-179, 132), (-175, 158), (-166, 160), (-130, 155), (-97, 131)], [(-98, 155), (-2, 160), (22, 146), (24, 137), (-2, 92), (-40, 72), (-52, 71), (-98, 143)], [(124, 93), (91, 72), (-3, 80), (42, 163), (68, 158), (100, 139)], [(110, -123), (99, -114), (99, -76), (118, -57), (138, -57), (142, -60), (143, -78), (141, -121), (138, -124)], [(151, 73), (148, 29), (109, 29), (101, 32), (105, 73), (108, 77)], [(167, -92), (154, -70), (152, 26), (156, 33), (239, -11), (238, -26), (219, -66)], [(-128, 160), (-134, 183), (-132, 191), (-87, 200), (-80, 199), (-71, 176), (-73, 166), (-119, 158)], [(-66, 187), (-63, 191), (-16, 185), (6, 175), (6, 170), (-3, 165), (-66, 162)], [(129, 80), (132, 132), (165, 141), (209, 141), (211, 93), (165, 78)], [(262, 113), (264, 11), (255, -6), (245, -9), (205, 14), (181, 55), (179, 66), (186, 75)], [(93, 153), (93, 184), (97, 187), (158, 186), (161, 183), (158, 163), (140, 148), (103, 144)]]

GRASP_GCG: Tempo: 24.69s, Area: 60.06%, Peças: 16/16, Fecho: 88.0%, Box: 99.0%
Peças GRASP_GCG 5: [[(-161, -132), (-171, -132), (-197, -102), (-200, -63), (-198, -53), (-172, -50), (-160, -53), (-157, -128)], [(-177, -6), (-118, 31), (159, -25), (157, -94), (-58, -112), (-157, -48)], [(-168, 39), (-168, 70), (-164, 73), (-103, 72), (-100, 69), (-103, 49), (-121, 34), (-158, 30)], [(-30, 157), (-9, 124), (-17, 30), (-100, 76), (-95, 101), (-76, 133)], [(-164, 78), (-158, 163), (-139, 189), (-125, 189), (-117, 179), (-109, 83)], [(-6, 12), (-13, 18), (-7, 89), (5, 93), (31, 89), (33, 80), (28, 44), (4, 11)], [(-72, 141), (-96, 135), (-104, 137), (-113, 182), (-112, 189), (-88, 198), (-78, 196), (-71, 150)], [(222, 188), (218, 166), (-68, 162), (-71, 188)], [(-14, 141), (-10, 158), (276, 162), (281, 149), (276, 137)], [(51, 10), (38, 32), (36, 128), (40, 135), (123, 91), (122, 76), (103, 36)], [(-152, -92), (-149, -88), (-102, -94), (-80, -104), (-80, -109), (-89, -114), (-152, -117)], [(132, 11), (127, 107), (141, 131), (150, 133), (195, 108), (215, 70), (216, 58), (144, 12)], [(243, 29), (240, -23), (207, -31), (163, -31), (161, 17), (207, 31)], [(228, -68), (219, -80), (181, -79), (162, -61), (162, -41), (165, -37), (183, -35), (226, -37), (229, -40)], [(295, 141), (297, 39), (288, 22), (278, 19), (238, 42), (214, 83), (212, 94), (219, 103)], [(205, -132), (161, -129), (161, -90), (164, -82), (205, -86), (209, -89)]]


Estatísticas GRASP_GCG:
Tempo - Média: 24.47s, Desvio: 10.35s
Área - Média: 60.16%, Desvio: 0.05%
Peças - Média: 16.0, Desvio: 0.0
----------------------------------------------------------------------------------------------------------------------------------------------------------------------------------------------


==============================================================================================================================================================================================
Dimensão: (461, 307)
Máximo: 70%
Tempo pré-processamento NFPs: 9.67s
==============================================================================================================================================================================================

----------------------------------------------------------------------------------------------------------------------------------------------------------------------------------------------
RESULTADOS GRASP_GCG:
GRASP_GCG: Tempo: 601.12s, Area: 69.2%, Peças: 15/16, Fecho: 91.0%, Box: 96.0%
Peças GRASP_GCG 1: [[(-200, -103), (-196, -86), (90, -82), (95, -95), (90, -107)], [(148, -41), (89, -78), (-188, -21), (-186, 48), (29, 65), (128, 1)], [(-199, -77), (-199, -67), (-169, -41), (-130, -38), (-120, -40), (-117, -66), (-121, -78), (-196, -81)], [(-189, 108), (-104, 102), (-78, 83), (-79, 69), (-89, 61), (-185, 53)], [(-97, 114), (-104, 107), (-175, 113), (-179, 125), (-175, 151), (-166, 153), (-130, 148), (-97, 124)], [(-98, 148), (-2, 153), (22, 139), (24, 130), (-2, 85), (-40, 65), (-52, 64), (-98, 136)], [(125, 86), (92, 65), (-2, 73), (43, 156), (69, 151), (101, 132)], [(184, 107), (186, 5), (177, -12), (167, -15), (127, 8), (103, 49), (101, 60), (108, 69)], [(109, 185), (161, 182), (169, 149), (169, 105), (121, 103), (107, 149)], [(-189, 161), (-185, 183), (101, 188), (104, 161)], [(167, -70), (167, -101), (163, -104), (102, -102), (99, -99), (102, -79), (120, -64), (157, -61)], [(237, 19), (250, -4), (252, -100), (248, -107), (165, -62), (166, -47), (185, -7)], [(178, 193), (222, 190), (222, 151), (219, 143), (178, 148), (174, 151)], [(223, 138), (234, 129), (234, 91), (215, 72), (195, 72), (191, 75), (189, 93), (192, 136), (195, 139)], [(196, 31), (190, 54), (192, 62), (237, 71), (244, 70), (253, 47), (251, 37), (205, 29)]]

GRASP_GCG: Tempo: 427.29s, Area: 70.23%, Peças: 16/16, Fecho: 95.0%, Box: 98.0%
Peças GRASP_GCG 2: [[(-185, -107), (-198, -85), (-200, 11), (-196, 18), (-113, -26), (-114, -41), (-133, -81)], [(-130, 54), (-130, 23), (-134, 20), (-195, 22), (-198, 25), (-195, 45), (-177, 60), (-140, 63)], [(-169, 69), (-180, 78), (-180, 116), (-161, 135), (-141, 135), (-137, 132), (-136, 114), (-138, 71), (-141, 68)], [(-182, 190), (-138, 187), (-138, 148), (-141, 140), (-182, 145), (-186, 148)], [(-78, 150), (-84, 65), (-103, 39), (-117, 39), (-125, 49), (-133, 146)], [(-42, 65), (-37, -31), (-51, -55), (-60, -57), (-105, -31), (-125, 7), (-126, 19), (-54, 65)], [(-75, 121), (-16, 158), (261, 102), (259, 33), (44, 15), (-55, 79)], [(159, 188), (155, 166), (-131, 162), (-134, 188)], [(-31, -78), (-33, 24), (-24, 41), (-14, 44), (26, 22), (50, -19), (52, -30), (45, -39)], [(-40, -65), (-40, -75), (-70, -101), (-109, -104), (-119, -102), (-122, -76), (-119, -64), (-43, -61)], [(80, 11), (84, 8), (77, -39), (67, -61), (62, -61), (57, -52), (55, 11)], [(-46, -100), (-42, -83), (244, -79), (249, -92), (244, -104)], [(195, -54), (162, -75), (68, -67), (113, 16), (139, 11), (171, -8)], [(155, 129), (149, 152), (151, 160), (196, 169), (203, 168), (212, 145), (210, 135), (164, 127)], [(252, -56), (200, -53), (191, -20), (192, 24), (240, 26), (254, -20)], [(254, 194), (261, 187), (255, 116), (243, 112), (217, 116), (215, 125), (220, 162), (244, 194)]]

GRASP_GCG: Tempo: 33.07s, Area: 70.28%, Peças: 16/16, Fecho: 94.0%, Box: 99.0%
Peças GRASP_GCG 3: [[(-200, -107), (-196, -85), (90, -80), (93, -107)], [(-200, -71), (-196, -54), (90, -50), (95, -63), (90, -75)], [(148, -9), (89, -46), (-188, 11), (-186, 80), (29, 97), (128, 33)], [(29, 102), (-67, 97), (-91, 111), (-93, 120), (-68, 165), (-29, 185), (-17, 186), (29, 114)], [(-185, 85), (-179, 170), (-160, 196), (-146, 196), (-138, 186), (-130, 90)], [(85, 114), (33, 117), (24, 150), (25, 194), (73, 196), (87, 150)], [(-120, 109), (-127, 115), (-121, 186), (-109, 190), (-83, 186), (-81, 177), (-86, 141), (-110, 108)], [(-199, -45), (-199, -35), (-169, -9), (-130, -6), (-120, -8), (-117, -34), (-121, -46), (-196, -49)], [(146, 154), (167, 121), (159, 27), (76, 73), (81, 98), (100, 130)], [(91, 153), (85, 176), (87, 184), (132, 193), (139, 192), (148, 169), (146, 159), (100, 151)], [(110, -98), (99, -89), (99, -51), (118, -32), (138, -32), (142, -35), (143, -53), (141, -96), (138, -99)], [(192, -95), (148, -92), (148, -53), (151, -45), (192, -49), (196, -52)], [(183, -43), (170, -21), (168, 75), (172, 82), (255, 38), (254, 23), (235, -17)], [(252, 182), (254, 80), (245, 63), (235, 60), (195, 83), (171, 124), (169, 135), (176, 144)], [(233, -106), (202, -106), (199, -102), (201, -41), (204, -38), (224, -41), (239, -59), (242, -96)], [(153, 196), (156, 200), (203, 194), (225, 184), (225, 179), (216, 174), (153, 171)]]

GRASP_GCG: Tempo: 657.74s, Area: 67.7%, Peças: 14/16, Fecho: 98.0%, Box: 99.0%
Peças GRASP_GCG 4: [[(-185, -107), (-198, -85), (-200, 11), (-196, 18), (-113, -26), (-114, -41), (-133, -81)], [(-92, 99), (-87, 3), (-101, -21), (-110, -23), (-155, 3), (-175, 41), (-176, 53), (-104, 99)], [(-134, -103), (-130, -86), (156, -82), (161, -95), (156, -107)], [(-118, -77), (-114, -55), (172, -50), (175, -77)], [(-162, 97), (-168, 120), (-166, 128), (-121, 137), (-114, 136), (-105, 113), (-107, 103), (-153, 95)], [(-86, -49), (-80, 36), (-61, 62), (-47, 62), (-39, 52), (-31, -44)], [(-114, 148), (-55, 185), (222, 129), (220, 60), (5, 42), (-94, 106)], [(93, -41), (-9, -43), (-26, -34), (-29, -24), (-7, 16), (35, 40), (46, 42), (55, 35)], [(117, -35), (107, -35), (81, -5), (78, 34), (80, 44), (106, 47), (118, 44), (121, -31)], [(132, -44), (125, -38), (131, 33), (143, 37), (169, 33), (171, 24), (166, -12), (142, -45)], [(235, 39), (256, 6), (248, -88), (165, -42), (170, -17), (189, 15)], [(-200, 139), (-197, 191), (-164, 200), (-120, 200), (-118, 152), (-164, 137)], [(223, 134), (212, 143), (212, 181), (231, 200), (251, 200), (255, 197), (256, 179), (254, 136), (251, 133)], [(140, 158), (140, 189), (144, 192), (205, 191), (208, 188), (205, 168), (187, 153), (150, 149)]]

GRASP_GCG: Tempo: 576.04s, Area: 67.35%, Peças: 14/16, Fecho: 93.0%, Box: 98.0%
Peças GRASP_GCG 5: [[(-200, -105), (-197, -53), (-164, -44), (-120, -44), (-118, -92), (-164, -107)], [(-198, -48), (-200, 54), (-191, 71), (-181, 74), (-141, 52), (-117, 11), (-115, 0), (-122, -9)], [(-194, 77), (-199, 173), (-185, 197), (-176, 199), (-131, 174), (-111, 136), (-110, 124), (-182, 78)], [(-95, 123), (-88, 116), (-94, 45), (-106, 41), (-132, 45), (-134, 54), (-129, 91), (-105, 123)], [(-114, -67), (-108, 18), (-89, 44), (-75, 44), (-67, 34), (-59, -62)], [(-74, 194), (-63, 185), (-63, 147), (-82, 128), (-102, 128), (-106, 131), (-108, 149), (-105, 192), (-102, 195)], [(179, -72), (175, -94), (-111, -98), (-114, -72)], [(-85, 83), (-26, 120), (251, 64), (249, -5), (34, -23), (-65, 41)], [(-58, 148), (-55, 152), (-8, 146), (14, 136), (14, 131), (5, 126), (-58, 123)], [(138, 129), (105, 108), (11, 116), (56, 199), (82, 194), (114, 175)], [(23, 194), (23, 184), (-7, 158), (-46, 155), (-56, 157), (-59, 183), (-56, 195), (20, 198)], [(-55, -46), (-51, -29), (235, -25), (240, -38), (235, -50)], [(252, 107), (229, 94), (133, 92), (126, 96), (170, 179), (185, 178), (226, 159)], [(184, -89), (184, -58), (188, -55), (249, -56), (252, -59), (249, -79), (231, -94), (194, -98)]]


Estatísticas GRASP_GCG:
Tempo - Média: 459.05s, Desvio: 226.19s
Área - Média: 68.95%, Desvio: 1.23%
Peças - Média: 15.0, Desvio: 0.89
----------------------------------------------------------------------------------------------------------------------------------------------------------------------------------------------


==============================================================================================================================================================================================
Dimensão: (431, 287)
Máximo: 80%
Tempo pré-processamento NFPs: 9.67s
==============================================================================================================================================================================================

----------------------------------------------------------------------------------------------------------------------------------------------------------------------------------------------
RESULTADOS GRASP_GCG:
GRASP_GCG: Tempo: 528.22s, Area: 71.13%, Peças: 13/16, Fecho: 90.0%, Box: 96.0%
Peças GRASP_GCG 1: [[(-200, -87), (-194, -2), (-175, 24), (-161, 24), (-153, 14), (-145, -82)], [(-187, 110), (-177, 110), (-151, 80), (-148, 41), (-150, 31), (-176, 28), (-188, 31), (-191, 107)], [(-177, 115), (-181, 118), (-174, 165), (-164, 187), (-159, 187), (-154, 178), (-152, 115)], [(-158, 106), (-99, 143), (178, 87), (176, 18), (-39, 0), (-138, 64)], [(-129, -82), (-142, -60), (-144, 36), (-140, 43), (-57, -1), (-58, -16), (-77, -56)], [(-83, 160), (-92, 148), (-130, 149), (-149, 167), (-149, 187), (-146, 191), (-128, 193), (-85, 191), (-82, 188)], [(44, -84), (-58, -86), (-75, -77), (-78, -67), (-56, -27), (-14, -3), (-3, -1), (6, -8)], [(-81, 145), (-77, 162), (209, 166), (214, 153), (209, 141)], [(215, 193), (211, 171), (-75, 167), (-78, 193)], [(13, -1), (109, 4), (133, -10), (135, -19), (109, -64), (71, -84), (59, -85), (13, -13)], [(128, 130), (135, 137), (206, 131), (210, 119), (205, 93), (196, 91), (160, 96), (128, 120)], [(201, -69), (149, -66), (140, -33), (141, 11), (189, 13), (203, -33)], [(214, 17), (183, 17), (180, 21), (182, 82), (185, 85), (205, 82), (220, 64), (223, 27)]]

GRASP_GCG: Tempo: 584.76s, Area: 68.8%, Peças: 12/16, Fecho: 90.0%, Box: 95.0%
Peças GRASP_GCG 2: [[(-200, -87), (-196, -65), (90, -60), (93, -87)], [(-200, -51), (-196, -34), (90, -30), (95, -43), (90, -55)], [(148, 11), (89, -26), (-188, 31), (-186, 100), (29, 117), (128, 53)], [(-199, -26), (-199, -16), (-169, 10), (-130, 13), (-120, 11), (-117, -15), (-121, -27), (-196, -30)], [(-189, 160), (-104, 154), (-78, 135), (-79, 121), (-89, 113), (-185, 105)], [(-40, 182), (-29, 173), (-29, 135), (-48, 116), (-68, 116), (-72, 119), (-74, 137), (-71, 180), (-68, 183)], [(-101, 163), (-104, 159), (-151, 166), (-173, 176), (-173, 181), (-164, 186), (-101, 188)], [(-24, 123), (-21, 175), (12, 184), (56, 184), (58, 136), (12, 121)], [(125, 188), (146, 155), (138, 61), (55, 107), (60, 132), (79, 164)], [(216, -74), (114, -76), (97, -67), (94, -57), (116, -17), (158, 7), (169, 9), (178, 2)], [(212, 121), (225, 98), (227, 2), (223, -5), (140, 40), (141, 55), (160, 95)], [(195, 118), (151, 121), (151, 160), (154, 168), (195, 164), (199, 161)]]

GRASP_GCG: Tempo: 477.01s, Area: 67.76%, Peças: 12/16, Fecho: 89.0%, Box: 98.0%
Peças GRASP_GCG 3: [[(-200, -83), (-196, -66), (90, -62), (95, -75), (90, -87)], [(148, -21), (89, -58), (-188, -1), (-186, 68), (29, 85), (128, 21)], [(52, 103), (29, 90), (-67, 88), (-74, 92), (-30, 175), (-15, 174), (26, 155)], [(-199, -57), (-199, -47), (-169, -21), (-130, -18), (-120, -20), (-117, -46), (-121, -58), (-196, -61)], [(-173, 161), (-71, 163), (-54, 154), (-51, 144), (-74, 104), (-115, 80), (-126, 78), (-135, 85)], [(55, 75), (61, 160), (80, 186), (94, 186), (102, 176), (110, 80)], [(134, 22), (113, 55), (121, 149), (204, 104), (199, 79), (180, 47)], [(-190, 75), (-194, 78), (-187, 125), (-177, 147), (-172, 147), (-167, 138), (-165, 75)], [(225, 62), (230, -34), (216, -58), (207, -60), (162, -34), (142, 4), (141, 16), (213, 62)], [(174, 162), (165, 150), (127, 151), (108, 169), (108, 189), (111, 193), (129, 195), (172, 193), (175, 190)], [(203, -77), (196, -84), (125, -78), (121, -66), (125, -40), (134, -38), (170, -43), (203, -67)], [(211, 122), (180, 122), (177, 126), (179, 187), (182, 190), (202, 187), (217, 169), (220, 132)]]

GRASP_GCG: Tempo: 572.71s, Area: 67.45%, Peças: 13/16, Fecho: 96.0%, Box: 98.0%
Peças GRASP_GCG 4: [[(-200, -78), (-200, -47), (-196, -44), (-135, -45), (-132, -48), (-135, -68), (-153, -83), (-190, -87)], [(-116, 20), (-119, -32), (-152, -40), (-196, -40), (-198, 8), (-152, 22)], [(-98, 147), (-96, 45), (-105, 28), (-115, 25), (-155, 48), (-179, 89), (-181, 100), (-174, 109)], [(-111, 20), (-52, 57), (225, 1), (223, -68), (8, -86), (-91, -22)], [(-91, 57), (-85, 142), (-66, 168), (-52, 168), (-44, 158), (-36, 62)], [(-76, -86), (-120, -83), (-120, -44), (-117, -36), (-76, -40), (-72, -43)], [(93, 71), (70, 58), (-26, 56), (-33, 60), (11, 143), (26, 142), (67, 123)], [(-70, 188), (-70, 178), (-100, 152), (-139, 149), (-149, 151), (-152, 177), (-149, 189), (-73, 192)], [(225, 199), (221, 177), (-65, 173), (-68, 199)], [(116, 44), (95, 77), (103, 171), (186, 126), (181, 101), (162, 69)], [(182, 14), (175, 20), (181, 91), (193, 95), (219, 91), (221, 82), (216, 46), (192, 13)], [(205, 147), (202, 143), (155, 150), (133, 160), (133, 165), (142, 170), (205, 172)], [(-155, 141), (-179, 135), (-187, 137), (-196, 182), (-195, 189), (-171, 198), (-161, 196), (-154, 150)]]

GRASP_GCG: Tempo: 363.5s, Area: 68.56%, Peças: 13/16, Fecho: 91.0%, Box: 99.0%
Peças GRASP_GCG 5: [[(-200, 19), (-141, 56), (136, 0), (134, -69), (-81, -87), (-180, -23)], [(-106, 120), (-109, 68), (-142, 60), (-186, 60), (-188, 108), (-142, 122)], [(15, 67), (-18, 46), (-112, 54), (-67, 137), (-41, 132), (-9, 113)], [(-4, 128), (92, 133), (116, 119), (118, 110), (92, 65), (54, 45), (42, 44), (-4, 116)], [(-144, 127), (-188, 130), (-188, 169), (-185, 177), (-144, 173), (-140, 170)], [(-137, 142), (-133, 164), (153, 169), (156, 142)], [(-146, 178), (-142, 195), (144, 199), (149, 186), (144, 174)], [(179, 111), (181, 9), (172, -8), (162, -11), (122, 12), (98, 53), (96, 64), (103, 73)], [(165, 115), (158, 121), (164, 192), (176, 196), (202, 192), (204, 183), (199, 147), (175, 114)], [(164, -15), (168, -18), (161, -65), (151, -87), (146, -87), (141, -78), (139, -15)], [(204, -17), (215, -26), (215, -64), (196, -83), (176, -83), (172, -80), (170, -62), (173, -19), (176, -16)], [(225, 72), (201, 66), (193, 68), (184, 113), (185, 120), (209, 129), (219, 127), (226, 81)], [(220, -11), (189, -11), (186, -7), (188, 54), (191, 57), (211, 54), (226, 36), (229, -1)]]


Estatísticas GRASP_GCG:
Tempo - Média: 505.24s, Desvio: 80.36s
Área - Média: 68.74%, Desvio: 1.29%
Peças - Média: 12.6, Desvio: 0.49
----------------------------------------------------------------------------------------------------------------------------------------------------------------------------------------------


||||||||||||||||||||||||||||||||||||||||||||||||||||||||||||||||||||||||||||||||||||||||||||||||||||||||||||||||||||||||||||||||||||||||||||||||||||||||||||||||||||||||||||||||||||||||||||||
Instância: embraer_3153
Data e Hora: 26/01/2025 02:10
Margem: True
{'dimensoes': ['50', '60', '70', '80'], 'algoritmos': {'GCG': 0, 'GRASP': 0, 'GRASP_GCG': 1, 'Random_Key': 0}, 'num_execucoes': 5}
||||||||||||||||||||||||||||||||||||||||||||||||||||||||||||||||||||||||||||||||||||||||||||||||||||||||||||||||||||||||||||||||||||||||||||||||||||||||||||||||||||||||||||||||||||||||||||||


==============================================================================================================================================================================================
Dimensão: (553, 369)
Máximo: 50%
Tempo pré-processamento NFPs: 10.14s
==============================================================================================================================================================================================

----------------------------------------------------------------------------------------------------------------------------------------------------------------------------------------------
RESULTADOS GRASP_GCG:
GRASP_GCG: Tempo: 6.26s, Area: 49.97%, Peças: 17/17, Fecho: 68.0%, Box: 75.0%
Peças GRASP_GCG 1: [[(-200, -160), (-198, -145), (-193, -139), (-106, -138), (-102, -145), (-104, -152), (-193, -169)], [(-42, -132), (-193, -134), (-193, 44), (-164, 82), (-147, 79), (-50, -76)], [(-168, 85), (-189, 85), (-189, 118), (-173, 118), (-168, 113)], [(-155, 123), (-173, 123), (-176, 126), (-175, 169), (-172, 172), (-154, 172), (-152, 169), (-152, 126)], [(-108, 53), (-118, 53), (-144, 83), (-147, 122), (-145, 132), (-119, 135), (-107, 132), (-104, 57)], [(14, 178), (-2, 32), (-70, -37), (-112, 174)], [(-9, 5), (-2, -2), (-8, -73), (-20, -77), (-46, -73), (-48, -64), (-43, -27), (-19, 5)], [(52, -30), (11, -26), (19, 178), (40, 178), (57, 120), (57, -25)], [(42, -74), (39, -126), (6, -134), (-38, -134), (-40, -86), (6, -72)], [(63, 178), (103, 171), (104, 28), (86, -29), (62, -26)], [(101, -67), (92, -79), (54, -78), (35, -60), (35, -40), (38, -36), (56, -34), (99, -36), (102, -39)], [(79, -151), (48, -151), (45, -147), (47, -86), (50, -83), (70, -86), (85, -104), (88, -141)], [(134, -118), (112, -114), (108, 172), (134, 175)], [(159, -115), (142, -111), (139, 175), (152, 180), (163, 175)], [(164, -115), (170, -30), (189, -4), (203, -4), (211, -14), (219, -110)], [(178, 111), (193, 111), (210, 87), (210, -1), (170, 2), (167, 99)], [(240, 178), (240, 110), (237, 107), (168, 122), (171, 178)]]

GRASP_GCG: Tempo: 5.64s, Area: 50.04%, Peças: 17/17, Fecho: 73.0%, Box: 78.0%
Peças GRASP_GCG 2: [[(-200, -169), (-193, -129), (-50, -127), (7, -145), (4, -169)], [(-200, -117), (-196, -76), (8, -83), (8, -104), (-50, -122), (-195, -122)], [(-45, -69), (-196, -71), (-196, 107), (-167, 145), (-150, 142), (-53, -13)], [(-171, 148), (-192, 148), (-192, 181), (-176, 181), (-171, 176)], [(48, 138), (32, -8), (-36, -77), (-78, 134)], [(-114, 103), (-125, 112), (-125, 150), (-106, 169), (-86, 169), (-82, 166), (-81, 148), (-83, 105), (-86, 102)], [(-79, 194), (6, 188), (32, 169), (31, 155), (21, 147), (-75, 139)], [(-167, 179), (-167, 197), (-164, 200), (-121, 200), (-118, 197), (-118, 179), (-121, 176), (-164, 176)], [(44, -146), (29, -146), (12, -122), (12, -34), (52, -37), (55, -133)], [(65, -34), (50, -32), (44, -27), (44, 60), (51, 64), (58, 62), (74, -27)], [(57, 146), (67, 146), (93, 116), (96, 77), (94, 67), (68, 64), (56, 67), (53, 143)], [(67, -116), (60, -110), (66, -39), (78, -35), (104, -39), (106, -48), (101, -84), (77, -117)], [(133, -19), (81, -16), (72, 17), (73, 61), (121, 63), (135, 17)], [(36, 159), (36, 190), (40, 193), (101, 192), (104, 189), (101, 169), (83, 154), (46, 150)], [(100, 93), (100, 161), (103, 164), (172, 150), (169, 93)], [(177, 150), (199, 146), (203, -140), (177, -143)], [(225, -143), (208, -139), (205, 147), (218, 152), (229, 147)]]

GRASP_GCG: Tempo: 5.21s, Area: 49.94%, Peças: 17/17, Fecho: 67.0%, Box: 78.0%
Peças GRASP_GCG 3: [[(-161, -169), (-171, -169), (-197, -139), (-200, -100), (-198, -90), (-172, -87), (-160, -90), (-157, -165)], [(-199, -82), (-199, -61), (-166, -61), (-166, -77), (-172, -82)], [(-200, -56), (-194, 29), (-175, 55), (-161, 55), (-153, 45), (-145, -51)], [(-152, -161), (-136, -15), (-68, 54), (-26, -156)], [(-88, 115), (-88, 47), (-91, 44), (-160, 59), (-157, 115)], [(-178, 58), (-196, 58), (-199, 61), (-198, 104), (-195, 107), (-177, 107), (-175, 104), (-175, 61)], [(-194, 122), (-191, 174), (-158, 183), (-114, 183), (-112, 135), (-158, 120)], [(-74, 120), (-105, 120), (-108, 124), (-106, 185), (-103, 188), (-83, 185), (-68, 167), (-65, 130)], [(-55, 187), (-14, 183), (-22, -21), (-43, -21), (-60, 37), (-60, 182)], [(-35, -25), (-20, -27), (-14, -32), (-14, -119), (-21, -123), (-28, -121), (-44, -32)], [(-9, 174), (31, 167), (32, 24), (14, -33), (-10, -30)], [(23, -147), (8, -147), (-9, -123), (-9, -35), (31, -38), (34, -134)], [(61, -122), (39, -118), (35, 168), (61, 171)], [(86, -119), (69, -115), (66, 171), (79, 176), (90, 171)], [(98, -125), (91, -119), (97, -48), (109, -44), (135, -48), (137, -57), (132, -93), (108, -126)], [(246, -37), (95, -39), (95, 139), (124, 177), (141, 174), (238, 19)], [(147, -143), (136, -134), (136, -96), (155, -77), (175, -77), (179, -80), (180, -98), (178, -141), (175, -144)]]

GRASP_GCG: Tempo: 5.23s, Area: 49.98%, Peças: 17/17, Fecho: 70.0%, Box: 76.0%
Peças GRASP_GCG 4: [[(-200, -169), (-184, -23), (-116, 46), (-74, -164)], [(-152, 44), (-152, 65), (-119, 65), (-119, 49), (-125, 44)], [(-160, 7), (-178, 7), (-181, 10), (-180, 53), (-177, 56), (-159, 56), (-157, 53), (-157, 10)], [(-155, 127), (-144, 118), (-144, 80), (-163, 61), (-183, 61), (-187, 64), (-189, 82), (-186, 125), (-183, 128)], [(-118, 70), (-133, 72), (-139, 77), (-139, 164), (-132, 168), (-125, 166), (-109, 77)], [(-177, 199), (-146, 199), (-143, 195), (-145, 134), (-148, 131), (-168, 134), (-183, 152), (-186, 189)], [(-99, 162), (-58, 158), (-66, -46), (-87, -46), (-104, 12), (-104, 157)], [(-53, 157), (-36, 153), (-33, -133), (-46, -138), (-57, -133)], [(122, -129), (-29, -131), (-29, 47), (0, 85), (17, 82), (114, -73)], [(-28, 169), (-18, 169), (8, 139), (11, 100), (9, 90), (-17, 87), (-29, 90), (-32, 166)], [(22, 83), (15, 89), (21, 160), (33, 164), (59, 160), (61, 151), (56, 115), (32, 82)], [(55, 30), (61, 115), (80, 141), (94, 141), (102, 131), (110, 35)], [(156, -73), (116, -66), (115, 77), (133, 134), (157, 131)], [(154, 199), (150, 177), (-136, 173), (-139, 199)], [(194, 18), (179, 18), (162, 42), (162, 130), (202, 127), (205, 31)], [(127, -145), (127, -77), (130, -74), (199, -88), (196, -145)], [(222, -80), (170, -77), (161, -44), (162, 0), (210, 2), (224, -44)]]

GRASP_GCG: Tempo: 6.74s, Area: 49.99%, Peças: 17/17, Fecho: 68.0%, Box: 79.0%
Peças GRASP_GCG 5: [[(-200, -166), (-200, -148), (-197, -145), (-154, -145), (-151, -148), (-151, -166), (-154, -169), (-197, -169)], [(-46, -138), (-197, -140), (-197, 38), (-168, 76), (-151, 73), (-54, -82)], [(-172, 79), (-193, 79), (-193, 112), (-177, 112), (-172, 107)], [(-158, 189), (-143, 189), (-126, 165), (-126, 77), (-166, 80), (-169, 177)], [(-100, 27), (-115, 29), (-121, 34), (-121, 121), (-114, 125), (-107, 123), (-91, 34)], [(16, 163), (0, 17), (-68, -52), (-110, 159)], [(-39, -108), (-46, -102), (-40, -31), (-28, -27), (-2, -31), (0, -40), (-5, -76), (-29, -109)], [(54, -45), (13, -41), (21, 163), (42, 163), (59, 105), (59, -40)], [(65, 163), (105, 156), (106, 13), (88, -44), (64, -41)], [(58, -49), (52, -134), (33, -160), (19, -160), (11, -150), (3, -53)], [(101, -129), (91, -129), (65, -99), (62, -60), (64, -50), (90, -47), (102, -50), (105, -125)], [(136, -133), (114, -129), (110, 157), (136, 160)], [(145, 156), (162, 152), (165, -134), (152, -139), (141, -134)], [(204, -137), (173, -137), (170, -133), (172, -72), (175, -69), (195, -72), (210, -90), (213, -127)], [(170, 5), (238, 5), (241, 2), (226, -67), (170, -64)], [(169, 12), (172, 64), (205, 73), (249, 73), (251, 25), (205, 10)], [(179, 79), (168, 88), (168, 126), (187, 145), (207, 145), (211, 142), (212, 124), (210, 81), (207, 78)]]


Estatísticas GRASP_GCG:
Tempo - Média: 5.82s, Desvio: 0.6s
Área - Média: 49.98%, Desvio: 0.03%
Peças - Média: 17.0, Desvio: 0.0
----------------------------------------------------------------------------------------------------------------------------------------------------------------------------------------------


==============================================================================================================================================================================================
Dimensão: (505, 336)
Máximo: 60%
Tempo pré-processamento NFPs: 10.14s
==============================================================================================================================================================================================

----------------------------------------------------------------------------------------------------------------------------------------------------------------------------------------------
RESULTADOS GRASP_GCG:
GRASP_GCG: Tempo: 5.01s, Area: 60.05%, Peças: 17/17, Fecho: 88.0%, Box: 99.0%
Peças GRASP_GCG 1: [[(-179, -136), (-200, -136), (-200, -103), (-184, -103), (-179, -108)], [(-200, 195), (-178, 191), (-174, -95), (-200, -98)], [(-152, -98), (-169, -94), (-172, 192), (-159, 197), (-148, 192)], [(-143, 191), (-103, 184), (-102, 41), (-120, -16), (-144, -13)], [(-142, -20), (-124, -20), (-121, -23), (-122, -66), (-125, -69), (-143, -69), (-145, -66), (-145, -23)], [(-92, 191), (-51, 187), (-59, -17), (-80, -17), (-97, 41), (-97, 186)], [(-113, -99), (-120, -93), (-114, -22), (-102, -18), (-76, -22), (-74, -31), (-79, -67), (-103, -100)], [(-174, -127), (-172, -112), (-167, -106), (-80, -105), (-76, -112), (-78, -119), (-167, -136)], [(-71, -119), (-65, -34), (-46, -8), (-32, -8), (-24, -18), (-16, -114)], [(77, 131), (61, -15), (-7, -84), (-49, 127)], [(63, 167), (63, 152), (39, 135), (-49, 135), (-46, 175), (51, 178)], [(9, -134), (-2, -125), (-2, -87), (17, -68), (37, -68), (41, -71), (42, -89), (40, -132), (37, -135)], [(82, -117), (72, -117), (46, -87), (43, -48), (45, -38), (71, -35), (83, -38), (86, -113)], [(104, -30), (73, -30), (70, -26), (72, 35), (75, 38), (95, 35), (110, 17), (113, -20)], [(80, 41), (80, 109), (83, 112), (152, 98), (149, 41)], [(138, 114), (86, 117), (77, 150), (78, 194), (126, 196), (140, 150)], [(303, 61), (305, -90), (127, -89), (89, -61), (92, -44), (247, 53)]]

GRASP_GCG: Tempo: 6.67s, Area: 60.22%, Peças: 17/17, Fecho: 87.0%, Box: 93.0%
Peças GRASP_GCG 2: [[(-200, -127), (-198, -112), (-193, -106), (-106, -105), (-102, -112), (-104, -119), (-193, -136)], [(-42, -99), (-193, -101), (-193, 77), (-164, 115), (-147, 112), (-50, -43)], [(-168, 118), (-189, 118), (-189, 151), (-173, 151), (-168, 146)], [(-161, 199), (-151, 199), (-125, 169), (-122, 130), (-124, 120), (-150, 117), (-162, 120), (-165, 196)], [(-85, 49), (-100, 49), (-117, 73), (-117, 161), (-77, 158), (-74, 62)], [(-64, 177), (-23, 173), (-31, -31), (-52, -31), (-69, 27), (-69, 172)], [(-122, 174), (-122, 192), (-119, 195), (-76, 195), (-73, 192), (-73, 174), (-76, 171), (-119, 171)], [(-18, 173), (22, 166), (23, 23), (5, -34), (-19, -31)], [(24, -70), (15, -82), (-23, -81), (-42, -63), (-42, -43), (-39, -39), (-21, -37), (22, -39), (25, -42)], [(22, -96), (22, -127), (18, -130), (-43, -128), (-46, -125), (-43, -105), (-25, -90), (12, -87)], [(23, -34), (29, 51), (48, 77), (62, 77), (70, 67), (78, -29)], [(27, 81), (27, 149), (30, 152), (99, 138), (96, 81)], [(89, -122), (37, -119), (28, -86), (29, -42), (77, -40), (91, -86)], [(199, 79), (183, -67), (115, -136), (73, 75)], [(108, 82), (101, 88), (107, 159), (119, 163), (145, 159), (147, 150), (142, 114), (118, 81)], [(-22, 178), (-18, 195), (268, 199), (273, 186), (268, 174)], [(229, -122), (207, -118), (203, 168), (229, 171)]]

GRASP_GCG: Tempo: 15.67s, Area: 60.1%, Peças: 17/17, Fecho: 83.0%, Box: 96.0%
Peças GRASP_GCG 3: [[(-200, -136), (-184, 10), (-116, 79), (-74, -131)], [(-152, 77), (-152, 98), (-119, 98), (-119, 82), (-125, 77)], [(-47, -134), (-69, -130), (-73, 156), (-47, 159)], [(-160, 40), (-178, 40), (-181, 43), (-180, 86), (-177, 89), (-159, 89), (-157, 86), (-157, 43)], [(-22, -131), (-39, -127), (-42, 159), (-29, 164), (-18, 159)], [(-115, 137), (-115, 106), (-119, 103), (-180, 105), (-183, 108), (-180, 128), (-162, 143), (-125, 146)], [(-170, 185), (-161, 196), (-123, 196), (-104, 177), (-104, 157), (-107, 153), (-125, 151), (-168, 154), (-171, 157)], [(23, -135), (-18, -131), (-10, 73), (11, 73), (28, 15), (28, -130)], [(34, 73), (74, 66), (75, -77), (57, -134), (33, -131)], [(-14, 77), (-8, 162), (11, 188), (25, 188), (33, 178), (41, 82)], [(231, -74), (80, -76), (80, 102), (109, 140), (126, 137), (223, -18)], [(152, 176), (152, 161), (128, 144), (40, 144), (43, 184), (140, 187)], [(217, 81), (165, 84), (156, 117), (157, 161), (205, 163), (219, 117)], [(157, -84), (157, -94), (127, -120), (88, -123), (78, -121), (75, -95), (78, -83), (154, -80)], [(214, 5), (214, 73), (217, 76), (286, 62), (283, 5)], [(229, 78), (222, 84), (228, 155), (240, 159), (266, 155), (268, 146), (263, 110), (239, 77)], [(-100, 178), (-98, 193), (-93, 199), (-6, 200), (-2, 193), (-4, 186), (-93, 169)]]

GRASP_GCG: Tempo: 3.9s, Area: 60.26%, Peças: 17/17, Fecho: 88.0%, Box: 96.0%
Peças GRASP_GCG 4: [[(-200, -136), (-196, -114), (90, -109), (93, -136)], [(87, 46), (89, -105), (-89, -104), (-127, -76), (-124, -59), (31, 38)], [(-152, -74), (-131, -74), (-131, -107), (-147, -107), (-152, -101)], [(94, -107), (110, 39), (178, 108), (220, -102)], [(-160, -108), (-178, -108), (-181, -105), (-180, -62), (-177, -59), (-159, -59), (-157, -62), (-157, -105)], [(-124, -21), (-124, -52), (-128, -55), (-189, -53), (-192, -50), (-189, -30), (-171, -15), (-134, -12)], [(-44, 13), (-46, -2), (-51, -8), (-138, -8), (-142, -1), (-140, 6), (-51, 22)], [(-171, 32), (-167, 73), (37, 66), (37, 45), (-21, 27), (-166, 27)], [(144, 114), (137, 74), (-6, 73), (-63, 91), (-60, 115)], [(-66, 110), (-66, 95), (-90, 78), (-178, 78), (-175, 118), (-78, 121)], [(272, 0), (266, -85), (247, -111), (233, -111), (225, -101), (217, -4)], [(-78, 126), (-74, 143), (212, 147), (217, 134), (212, 122)], [(251, 36), (199, 39), (190, 72), (191, 116), (239, 118), (253, 72)], [(-178, 127), (-178, 137), (-148, 163), (-109, 166), (-99, 164), (-96, 138), (-100, 126), (-175, 123)], [(-13, 156), (-20, 149), (-91, 155), (-95, 167), (-91, 193), (-82, 195), (-46, 190), (-13, 166)], [(56, 162), (47, 150), (9, 151), (-10, 169), (-10, 189), (-7, 193), (11, 195), (54, 193), (57, 190)], [(221, 123), (221, 191), (224, 194), (293, 180), (290, 123)]]

GRASP_GCG: Tempo: 6.64s, Area: 60.22%, Peças: 17/17, Fecho: 87.0%, Box: 93.0%
Peças GRASP_GCG 5: [[(-200, -127), (-198, -112), (-193, -106), (-106, -105), (-102, -112), (-104, -119), (-193, -136)], [(-42, -99), (-193, -101), (-193, 77), (-164, 115), (-147, 112), (-50, -43)], [(-168, 118), (-189, 118), (-189, 151), (-173, 151), (-168, 146)], [(-161, 199), (-151, 199), (-125, 169), (-122, 130), (-124, 120), (-150, 117), (-162, 120), (-165, 196)], [(-85, 49), (-100, 49), (-117, 73), (-117, 161), (-77, 158), (-74, 62)], [(-64, 177), (-23, 173), (-31, -31), (-52, -31), (-69, 27), (-69, 172)], [(-122, 174), (-122, 192), (-119, 195), (-76, 195), (-73, 192), (-73, 174), (-76, 171), (-119, 171)], [(-18, 173), (22, 166), (23, 23), (5, -34), (-19, -31)], [(24, -70), (15, -82), (-23, -81), (-42, -63), (-42, -43), (-39, -39), (-21, -37), (22, -39), (25, -42)], [(22, -96), (22, -127), (18, -130), (-43, -128), (-46, -125), (-43, -105), (-25, -90), (12, -87)], [(23, -34), (29, 51), (48, 77), (62, 77), (70, 67), (78, -29)], [(27, 81), (27, 149), (30, 152), (99, 138), (96, 81)], [(89, -122), (37, -119), (28, -86), (29, -42), (77, -40), (91, -86)], [(199, 79), (183, -67), (115, -136), (73, 75)], [(108, 82), (101, 88), (107, 159), (119, 163), (145, 159), (147, 150), (142, 114), (118, 81)], [(-22, 178), (-18, 195), (268, 199), (273, 186), (268, 174)], [(229, -122), (207, -118), (203, 168), (229, 171)]]


Estatísticas GRASP_GCG:
Tempo - Média: 7.58s, Desvio: 4.18s
Área - Média: 60.17%, Desvio: 0.08%
Peças - Média: 17.0, Desvio: 0.0
----------------------------------------------------------------------------------------------------------------------------------------------------------------------------------------------


==============================================================================================================================================================================================
Dimensão: (467, 312)
Máximo: 70%
Tempo pré-processamento NFPs: 10.14s
==============================================================================================================================================================================================

----------------------------------------------------------------------------------------------------------------------------------------------------------------------------------------------
RESULTADOS GRASP_GCG:
GRASP_GCG: Tempo: 563.97s, Area: 68.2%, Peças: 16/17, Fecho: 96.0%, Box: 99.0%
Peças GRASP_GCG 1: [[(-168, -112), (-183, -112), (-200, -88), (-200, 0), (-160, -3), (-157, -99)], [(-167, 25), (-167, 4), (-200, 4), (-200, 20), (-195, 25)], [(-135, -103), (-152, -99), (-155, 187), (-142, 192), (-131, 187)], [(-124, 35), (-126, 186), (52, 186), (90, 158), (87, 141), (-68, 44)], [(-73, 34), (-79, -51), (-98, -77), (-112, -77), (-120, -67), (-128, 30)], [(-37, 37), (-26, 28), (-26, -10), (-45, -29), (-65, -29), (-69, -26), (-71, -8), (-68, 35), (-65, 38)], [(-163, 140), (-181, 140), (-184, 143), (-183, 186), (-180, 189), (-162, 189), (-160, 186), (-160, 143)], [(-14, -106), (-82, -106), (-85, -103), (-70, -34), (-14, -37)], [(16, -11), (6, -11), (-20, 19), (-23, 58), (-21, 68), (5, 71), (17, 68), (20, -7)], [(61, -108), (20, -104), (28, 100), (49, 100), (66, 42), (66, -103)], [(112, -69), (72, -62), (71, 81), (89, 138), (113, 135)], [(178, -105), (126, -102), (117, -69), (118, -25), (166, -23), (180, -69)], [(233, 195), (217, 49), (149, -20), (107, 191)], [(-177, 41), (-192, 43), (-198, 48), (-198, 135), (-191, 139), (-184, 137), (-168, 48)], [(189, -64), (182, -58), (188, 13), (200, 17), (226, 13), (228, 4), (223, -32), (199, -65)], [(264, -94), (242, -90), (238, 196), (264, 199)]]

GRASP_GCG: Tempo: 435.97s, Area: 69.96%, Peças: 17/17, Fecho: 94.0%, Box: 98.0%
Peças GRASP_GCG 2: [[(-161, -112), (-171, -112), (-197, -82), (-200, -43), (-198, -33), (-172, -30), (-160, -33), (-157, -108)], [(-195, 181), (-155, 174), (-154, 31), (-172, -26), (-196, -23)], [(130, -8), (126, -25), (-160, -28), (-165, -15), (-160, -4)], [(-152, 0), (-146, 85), (-127, 111), (-113, 111), (-105, 101), (-97, 5)], [(-96, 132), (50, 116), (118, 48), (-92, 6)], [(137, -33), (133, -55), (-153, -59), (-156, -33)], [(-152, -97), (-152, -66), (-148, -63), (-87, -64), (-84, -67), (-87, -87), (-105, -102), (-142, -106)], [(-129, 116), (-147, 116), (-150, 119), (-149, 162), (-146, 165), (-128, 165), (-126, 162), (-126, 119)], [(114, 106), (265, 108), (264, -70), (236, -108), (219, -105), (122, 50)], [(-9, 169), (-9, 154), (-33, 137), (-121, 137), (-118, 177), (-21, 180)], [(-6, 127), (-3, 179), (30, 188), (74, 188), (76, 140), (30, 125)], [(80, 112), (80, 180), (83, 183), (152, 169), (149, 112)], [(-83, -103), (-79, -62), (125, -69), (125, -90), (67, -108), (-78, -108)], [(237, 120), (230, 113), (159, 119), (155, 131), (159, 157), (168, 159), (204, 154), (237, 130)], [(171, -45), (182, -54), (182, -92), (163, -111), (143, -111), (139, -108), (137, -90), (140, -47), (143, -44)], [(156, 172), (158, 187), (163, 193), (250, 194), (254, 187), (252, 180), (163, 163)], [(255, 139), (234, 139), (234, 172), (250, 172), (255, 167)]]

GRASP_GCG: Tempo: 425.77s, Area: 68.36%, Peças: 16/17, Fecho: 93.0%, Box: 100.0%
Peças GRASP_GCG 3: [[(-200, -112), (-196, -90), (90, -85), (93, -112)], [(87, 70), (89, -81), (-89, -80), (-127, -52), (-124, -35), (31, 62)], [(-152, -50), (-131, -50), (-131, -83), (-147, -83), (-152, -77)], [(94, -83), (110, 63), (178, 132), (220, -78)], [(-174, 79), (-170, 96), (116, 100), (121, 87), (116, 75)], [(-113, -9), (-113, -19), (-143, -45), (-182, -48), (-192, -46), (-195, -20), (-192, -8), (-116, -5)], [(-54, 32), (-54, 17), (-78, 0), (-166, 0), (-163, 40), (-66, 43)], [(-88, 105), (-81, 145), (62, 147), (119, 129), (116, 105)], [(-142, 105), (-142, 123), (-139, 126), (-96, 126), (-93, 123), (-93, 105), (-96, 102), (-139, 102)], [(-196, 182), (-111, 176), (-85, 157), (-86, 143), (-96, 135), (-192, 127)], [(-81, 159), (-77, 200), (127, 193), (127, 172), (69, 154), (-76, 154)], [(164, 124), (133, 124), (130, 128), (132, 189), (135, 192), (155, 189), (170, 171), (173, 134)], [(174, 185), (181, 192), (252, 186), (256, 174), (251, 148), (242, 146), (206, 151), (174, 175)], [(194, 76), (194, 144), (197, 147), (266, 133), (263, 76)], [(-183, 51), (-181, 66), (-176, 72), (-89, 73), (-85, 66), (-87, 59), (-176, 42)], [(204, 71), (256, 68), (264, 35), (264, -9), (216, -11), (202, 35)]]

GRASP_GCG: Tempo: 26.4s, Area: 69.87%, Peças: 17/17, Fecho: 91.0%, Box: 98.0%
Peças GRASP_GCG 4: [[(-200, -110), (-197, -58), (-164, -49), (-120, -49), (-118, -97), (-164, -112)], [(-116, -10), (-116, -41), (-120, -44), (-181, -42), (-184, -39), (-181, -19), (-163, -4), (-126, -1)], [(-193, -1), (-193, 20), (-160, 20), (-160, 4), (-166, -1)], [(-193, 25), (-187, 110), (-168, 136), (-154, 136), (-146, 126), (-138, 30)], [(-123, 200), (-82, 196), (-90, -8), (-111, -8), (-128, 50), (-128, 195)], [(-77, 196), (-37, 189), (-36, 46), (-54, -11), (-78, -8)], [(-6, -100), (-28, -96), (-32, 190), (-6, 193)], [(18, -97), (1, -93), (-2, 193), (11, 198), (22, 193)], [(-42, -85), (-110, -85), (-113, -82), (-98, -13), (-42, -16)], [(-182, 144), (-182, 162), (-179, 165), (-136, 165), (-133, 162), (-133, 144), (-136, 141), (-179, 141)], [(29, 41), (27, 192), (205, 192), (243, 164), (240, 147), (85, 50)], [(57, -75), (42, -75), (25, -51), (25, 37), (65, 34), (68, -62)], [(79, -34), (72, -28), (78, 43), (90, 47), (116, 43), (118, 34), (113, -2), (89, -35)], [(105, -41), (116, -50), (116, -88), (97, -107), (77, -107), (73, -104), (71, -86), (74, -43), (77, -40)], [(120, -95), (136, 51), (204, 120), (246, -90)], [(253, 47), (243, 47), (217, 77), (214, 116), (216, 126), (242, 129), (254, 126), (257, 51)], [(236, 43), (251, 41), (257, 36), (257, -51), (250, -55), (243, -53), (227, 36)]]

GRASP_GCG: Tempo: 327.8s, Area: 69.86%, Peças: 17/17, Fecho: 93.0%, Box: 99.0%
Peças GRASP_GCG 5: [[(-200, -110), (-197, -58), (-164, -49), (-120, -49), (-118, -97), (-164, -112)], [(-116, -10), (-116, -41), (-120, -44), (-181, -42), (-184, -39), (-181, -19), (-163, -4), (-126, -1)], [(-172, 6), (-172, 24), (-169, 27), (-126, 27), (-123, 24), (-123, 6), (-126, 3), (-169, 3)], [(-78, -8), (-118, -1), (-119, 142), (-101, 199), (-77, 196)], [(-67, 200), (-26, 196), (-34, -8), (-55, -8), (-72, 50), (-72, 195)], [(-178, 31), (-172, 116), (-153, 142), (-139, 142), (-131, 132), (-123, 36)], [(-111, -13), (-43, -13), (-40, -16), (-55, -85), (-111, -82)], [(-21, 196), (-4, 192), (-1, -94), (-14, -99), (-25, -94)], [(26, -97), (4, -93), (0, 193), (26, 196)], [(33, 44), (31, 195), (209, 195), (247, 167), (244, 150), (89, 53)], [(63, -72), (48, -72), (31, -48), (31, 40), (71, 37), (74, -59)], [(115, -32), (105, -32), (79, -2), (76, 37), (78, 47), (104, 50), (116, 47), (119, -28)], [(-200, 26), (-179, 26), (-179, -7), (-195, -7), (-200, -1)], [(-130, 159), (-139, 147), (-177, 148), (-196, 166), (-196, 186), (-193, 190), (-175, 192), (-132, 190), (-129, 187)], [(117, -97), (133, 49), (201, 118), (243, -92)], [(224, 54), (217, 60), (223, 131), (235, 135), (261, 131), (263, 122), (258, 86), (234, 53)], [(232, 48), (247, 46), (253, 41), (253, -46), (246, -50), (239, -48), (223, 41)]]


Estatísticas GRASP_GCG:
Tempo - Média: 355.98s, Desvio: 181.08s
Área - Média: 69.25%, Desvio: 0.79%
Peças - Média: 16.6, Desvio: 0.49
----------------------------------------------------------------------------------------------------------------------------------------------------------------------------------------------


==============================================================================================================================================================================================
Dimensão: (437, 291)
Máximo: 80%
Tempo pré-processamento NFPs: 10.14s
==============================================================================================================================================================================================

----------------------------------------------------------------------------------------------------------------------------------------------------------------------------------------------
RESULTADOS GRASP_GCG:
GRASP_GCG: Tempo: 330.29s, Area: 70.0%, Peças: 15/17, Fecho: 92.0%, Box: 99.0%
Peças GRASP_GCG 1: [[(-193, -90), (-200, -84), (-194, -13), (-182, -9), (-156, -13), (-154, -22), (-159, -58), (-183, -91)], [(-155, -8), (-195, -1), (-196, 142), (-178, 199), (-154, 196)], [(-109, -18), (-150, -14), (-142, 190), (-121, 190), (-104, 132), (-104, -13)], [(-118, -22), (-107, -31), (-107, -69), (-126, -88), (-146, -88), (-150, -85), (-152, -67), (-149, -24), (-146, -21)], [(-81, -72), (-99, -72), (-102, -69), (-101, -26), (-98, -23), (-80, -23), (-78, -26), (-78, -69)], [(51, -17), (-100, -19), (-100, 159), (-71, 197), (-54, 194), (43, 39)], [(-73, -55), (-73, -40), (-49, -23), (39, -23), (35, -63), (-61, -66)], [(40, 137), (55, 135), (61, 130), (61, 43), (54, 39), (47, 41), (31, 130)], [(111, -91), (43, -91), (40, -88), (55, -19), (111, -22)], [(-5, 183), (26, 183), (29, 179), (27, 118), (24, 115), (4, 118), (-11, 136), (-14, 173)], [(62, -14), (68, 71), (87, 97), (101, 97), (109, 87), (117, -9)], [(101, 103), (91, 103), (65, 133), (62, 172), (64, 182), (90, 185), (102, 182), (105, 107)], [(233, 187), (217, 41), (149, -28), (107, 183)], [(53, 142), (32, 142), (32, 175), (48, 175), (53, 170)], [(198, -30), (195, -82), (162, -90), (118, -90), (116, -42), (162, -28)]]

GRASP_GCG: Tempo: 380.31s, Area: 71.3%, Peças: 14/17, Fecho: 94.0%, Box: 98.0%
Peças GRASP_GCG 2: [[(-134, -79), (-143, -91), (-181, -90), (-200, -72), (-200, -52), (-197, -48), (-179, -46), (-136, -48), (-133, -51)], [(-197, -43), (-199, 108), (-21, 108), (17, 80), (14, 63), (-141, -34)], [(-21, 112), (-106, 118), (-132, 137), (-132, 151), (-122, 159), (-25, 167)], [(-141, 194), (-134, 187), (-140, 116), (-152, 112), (-178, 116), (-180, 125), (-175, 162), (-151, 194)], [(-129, -79), (-122, -39), (21, -37), (78, -55), (75, -79)], [(-47, -31), (-44, 21), (-11, 30), (33, 30), (35, -18), (-11, -33)], [(135, 172), (119, 26), (51, -43), (9, 168)], [(161, 200), (157, 178), (-129, 174), (-132, 200)], [(123, 23), (138, 23), (155, -1), (155, -89), (115, -86), (112, 11)], [(155, 25), (140, 27), (134, 32), (134, 119), (141, 123), (148, 121), (164, 32)], [(222, 122), (154, 122), (151, 125), (166, 194), (222, 191)], [(206, -90), (165, -86), (173, 118), (194, 118), (211, 60), (211, -85)], [(103, -62), (85, -62), (82, -59), (83, -16), (86, -13), (104, -13), (106, -16), (106, -59)], [(229, 84), (208, 84), (208, 117), (224, 117), (229, 112)]]

GRASP_GCG: Tempo: 397.4s, Area: 73.09%, Peças: 15/17, Fecho: 93.0%, Box: 97.0%
Peças GRASP_GCG 3: [[(-200, -88), (-200, -70), (-197, -67), (-154, -67), (-151, -70), (-151, -88), (-154, -91), (-197, -91)], [(-46, -60), (-197, -62), (-197, 116), (-168, 154), (-151, 151), (-54, -4)], [(-40, 144), (0, 137), (1, -6), (-17, -63), (-41, -60)], [(-56, 36), (-71, 36), (-88, 60), (-88, 148), (-48, 145), (-45, 49)], [(-97, 102), (-107, 102), (-133, 132), (-136, 171), (-134, 181), (-108, 184), (-96, 181), (-93, 106)], [(-146, -91), (-142, -69), (144, -64), (147, -91)], [(44, -61), (3, -57), (11, 147), (32, 147), (49, 89), (49, -56)], [(54, -61), (70, 85), (138, 154), (180, -56)], [(83, 163), (94, 154), (94, 116), (75, 97), (55, 97), (51, 100), (49, 118), (52, 161), (55, 164)], [(-91, 171), (-87, 188), (199, 192), (204, 179), (199, 167)], [(163, 82), (156, 88), (162, 159), (174, 163), (200, 159), (202, 150), (197, 114), (173, 81)], [(-141, 179), (-141, 158), (-174, 158), (-174, 174), (-169, 179)], [(228, -4), (176, -1), (167, 32), (168, 76), (216, 78), (230, 32)], [(218, -74), (187, -74), (184, -70), (186, -9), (189, -6), (209, -9), (224, -27), (227, -64)], [(214, 176), (229, 174), (235, 169), (235, 82), (228, 78), (221, 80), (205, 169)]]

GRASP_GCG: Tempo: 327.23s, Area: 70.08%, Peças: 15/17, Fecho: 93.0%, Box: 97.0%
Peças GRASP_GCG 4: [[(-168, -91), (-183, -91), (-200, -67), (-200, 21), (-160, 18), (-157, -78)], [(-167, 46), (-167, 25), (-200, 25), (-200, 41), (-195, 46)], [(-1, -76), (-152, -78), (-152, 100), (-123, 138), (-106, 135), (-9, -20)], [(-190, 118), (-159, 118), (-156, 114), (-158, 53), (-161, 50), (-181, 53), (-196, 71), (-199, 108)], [(-131, 135), (-140, 123), (-178, 124), (-197, 142), (-197, 162), (-194, 166), (-176, 168), (-133, 166), (-130, 163)], [(-179, 176), (-179, 194), (-176, 197), (-133, 197), (-130, 194), (-130, 176), (-133, 173), (-176, 173)], [(-53, 200), (-53, 132), (-56, 129), (-125, 144), (-122, 200)], [(-26, 44), (-36, 44), (-62, 74), (-65, 113), (-63, 123), (-37, 126), (-25, 123), (-22, 48)], [(-12, 198), (29, 194), (21, -10), (0, -10), (-17, 48), (-17, 193)], [(33, 194), (73, 187), (74, 44), (56, -13), (32, -10)], [(3, -78), (6, -26), (39, -17), (83, -17), (85, -65), (39, -80)], [(204, 192), (188, 46), (120, -23), (78, 188)], [(111, -63), (96, -61), (90, -56), (90, 31), (97, 35), (104, 33), (120, -56)], [(163, 3), (170, -4), (164, -75), (152, -79), (126, -75), (124, -66), (129, -29), (153, 3)], [(169, -88), (175, -3), (194, 23), (208, 23), (216, 13), (224, -83)]]

GRASP_GCG: Tempo: 347.18s, Area: 70.07%, Peças: 15/17, Fecho: 92.0%, Box: 97.0%
Peças GRASP_GCG 5: [[(-200, -91), (-194, -6), (-175, 20), (-161, 20), (-153, 10), (-145, -86)], [(10, -83), (-141, -85), (-141, 93), (-112, 131), (-95, 128), (2, -27)], [(-152, 107), (-145, 100), (-151, 29), (-163, 25), (-189, 29), (-191, 38), (-186, 75), (-162, 107)], [(-123, 123), (-132, 111), (-170, 112), (-189, 130), (-189, 150), (-186, 154), (-168, 156), (-125, 154), (-122, 151)], [(90, 190), (74, 44), (6, -25), (-36, 186)], [(-33, 89), (-48, 91), (-54, 96), (-54, 183), (-47, 187), (-40, 185), (-24, 96)], [(-63, 110), (-73, 110), (-99, 140), (-102, 179), (-100, 189), (-74, 192), (-62, 189), (-59, 114)], [(-171, 164), (-171, 182), (-168, 185), (-125, 185), (-122, 182), (-122, 164), (-125, 161), (-168, 161)], [(85, -80), (17, -80), (14, -77), (29, -8), (85, -11)], [(128, -11), (87, -7), (95, 197), (116, 197), (133, 139), (133, -6)], [(139, 197), (179, 190), (180, 47), (162, -10), (138, -7)], [(90, -49), (90, -18), (94, -15), (155, -16), (158, -19), (155, -39), (137, -54), (100, -58)], [(123, -63), (123, -84), (90, -84), (90, -68), (95, -63)], [(227, -91), (175, -88), (166, -55), (167, -11), (215, -9), (229, -55)], [(217, 23), (202, 23), (185, 47), (185, 135), (225, 132), (228, 36)]]


Estatísticas GRASP_GCG:
Tempo - Média: 356.48s, Desvio: 27.82s
Área - Média: 70.91%, Desvio: 1.19%
Peças - Média: 14.8, Desvio: 0.4
----------------------------------------------------------------------------------------------------------------------------------------------------------------------------------------------


||||||||||||||||||||||||||||||||||||||||||||||||||||||||||||||||||||||||||||||||||||||||||||||||||||||||||||||||||||||||||||||||||||||||||||||||||||||||||||||||||||||||||||||||||||||||||||||
Instância: embraer_3089
Data e Hora: 26/01/2025 02:10
Margem: True
{'dimensoes': ['50', '60', '70', '80'], 'algoritmos': {'GCG': 0, 'GRASP': 0, 'GRASP_GCG': 1, 'Random_Key': 0}, 'num_execucoes': 5}
||||||||||||||||||||||||||||||||||||||||||||||||||||||||||||||||||||||||||||||||||||||||||||||||||||||||||||||||||||||||||||||||||||||||||||||||||||||||||||||||||||||||||||||||||||||||||||||

