==============================================================================================================================================================================================
RESULTADOS GERAIS: 05/02/2025 18:06
==============================================================================================================================================================================================


||||||||||||||||||||||||||||||||||||||||||||||||||||||||||||||||||||||||||||||||||||||||||||||||||||||||||||||||||||||||||||||||||||||||||||||||||||||||||||||||||||||||||||||||||||||||||||||
Instância: embraer_3153
Data e Hora: 05/02/2025 18:06
Margem: True
{'dimensoes': ['50'], 'algoritmos': {'GCG': 0, 'GRASP': 1, 'GRASP_GCG': 0, 'Random_Key': 0}, 'num_execucoes': 3}
||||||||||||||||||||||||||||||||||||||||||||||||||||||||||||||||||||||||||||||||||||||||||||||||||||||||||||||||||||||||||||||||||||||||||||||||||||||||||||||||||||||||||||||||||||||||||||||


==============================================================================================================================================================================================
Dimensão: (553, 369)
Máximo: 50%
Tempo pré-processamento NFPs: 10.07s
==============================================================================================================================================================================================

----------------------------------------------------------------------------------------------------------------------------------------------------------------------------------------------
RESULTADOS GRASP:
GRASP: Tempo: 10.28s, Area: 50.08%, Peças: 17/17, Fecho: 76.11%, Box: 99.19%
Peças GRASP 1: [[(-200, -166), (-200, -148), (-197, -145), (-154, -145), (-151, -148), (-151, -166), (-154, -169), (-197, -169)], [(62, -18), (64, -169), (-114, -168), (-152, -140), (-149, -123), (6, -26)], [(67, -18), (213, -34), (281, -102), (71, -144)], [(168, -142), (166, -157), (161, -163), (74, -163), (70, -156), (72, -149), (161, -133)], [(283, -137), (283, -152), (259, -169), (171, -169), (174, -129), (271, -126)], [(322, -156), (291, -156), (288, -152), (290, -91), (293, -88), (313, -91), (328, -109), (331, -146)], [(242, -46), (249, -39), (320, -45), (324, -57), (319, -83), (310, -85), (274, -80), (242, -56)], [(350, -90), (329, -90), (329, -57), (345, -57), (350, -62)], [(276, 19), (272, -22), (68, -14), (68, 7), (126, 24), (271, 24)], [(350, 24), (350, -44), (347, -47), (278, -32), (281, 24)], [(264, 33), (264, 43), (294, 69), (333, 72), (343, 70), (346, 44), (342, 32), (267, 29)], [(259, 41), (250, 29), (212, 30), (193, 48), (193, 68), (196, 72), (214, 74), (257, 72), (260, 69)], [(259, 76), (262, 128), (295, 137), (339, 137), (341, 89), (295, 74)], [(190, 29), (105, 35), (79, 54), (79, 68), (89, 76), (186, 84)], [(49, 89), (56, 129), (199, 131), (256, 113), (253, 89)], [(49, 146), (53, 163), (339, 167), (344, 154), (339, 142)], [(46, 172), (50, 194), (336, 199), (339, 172)]]

GRASP: Tempo: 14.18s, Area: 49.94%, Peças: 17/17, Fecho: 69.78%, Box: 83.51%
Peças GRASP 2: [[(-161, -169), (-171, -169), (-197, -139), (-200, -100), (-198, -90), (-172, -87), (-160, -90), (-157, -165)], [(-152, -164), (-154, -13), (24, -13), (62, -41), (59, -58), (-96, -155)], [(-162, -82), (-180, -82), (-183, -79), (-182, -36), (-179, -33), (-161, -33), (-159, -36), (-159, -79)], [(-159, -7), (-159, -28), (-192, -28), (-192, -12), (-187, -7)], [(-154, -8), (-147, 32), (-4, 34), (53, 16), (50, -8)], [(89, 31), (100, 22), (100, -16), (81, -35), (61, -35), (57, -32), (55, -14), (58, 29), (61, 32)], [(93, 76), (89, 35), (-115, 43), (-115, 64), (-57, 81), (88, 81)], [(98, 45), (98, 76), (102, 79), (163, 78), (166, 75), (163, 55), (145, 40), (108, 36)], [(-186, -1), (-193, 5), (-187, 76), (-175, 80), (-149, 76), (-147, 67), (-152, 31), (-176, -2)], [(114, 110), (110, 88), (-176, 84), (-179, 110)], [(-175, 119), (-171, 136), (115, 140), (120, 127), (115, 115)], [(122, 85), (125, 137), (158, 146), (202, 146), (204, 98), (158, 83)], [(121, 166), (119, 151), (114, 145), (27, 145), (23, 152), (25, 159), (114, 175)], [(-90, 154), (-90, 169), (-66, 186), (22, 186), (18, 146), (-78, 143)], [(105, 31), (173, 31), (176, 28), (161, -41), (105, -38)], [(178, -17), (184, 68), (203, 94), (217, 94), (225, 84), (233, -12)], [(66, -40), (212, -56), (280, -124), (70, -166)]]

GRASP: Tempo: 18.67s, Area: 49.99%, Peças: 17/17, Fecho: 71.12%, Box: 78.84%
Peças GRASP 3: [[(-198, -169), (-200, -18), (-22, -18), (16, -46), (13, -63), (-142, -160)], [(18, -42), (18, -21), (51, -21), (51, -37), (45, -42)], [(76, 4), (74, -11), (69, -17), (-18, -17), (-22, -10), (-20, -3), (69, 13)], [(-75, -10), (-75, 8), (-72, 11), (-29, 11), (-26, 8), (-26, -10), (-29, -13), (-72, -13)], [(-80, 19), (-80, 4), (-104, -13), (-192, -13), (-189, 27), (-92, 30)], [(111, 58), (104, 18), (-39, 17), (-96, 35), (-93, 59)], [(-181, 36), (-181, 46), (-151, 72), (-112, 75), (-102, 73), (-99, 47), (-103, 35), (-178, 32)], [(111, 104), (107, 63), (-97, 71), (-97, 92), (-39, 109), (106, 109)], [(150, 104), (161, 95), (161, 57), (142, 38), (122, 38), (118, 41), (116, 59), (119, 102), (122, 105)], [(-166, 85), (-166, 116), (-162, 119), (-101, 118), (-98, 115), (-101, 95), (-119, 80), (-156, 76)], [(-93, 116), (-89, 138), (197, 143), (200, 116)], [(200, 165), (196, 148), (-90, 145), (-95, 158), (-90, 169)], [(-95, 130), (-102, 123), (-173, 129), (-177, 141), (-173, 167), (-164, 169), (-128, 164), (-95, 140)], [(205, 165), (273, 165), (276, 162), (261, 93), (205, 96)], [(164, 28), (167, 80), (200, 89), (244, 89), (246, 41), (200, 26)], [(192, -34), (107, -28), (81, -9), (81, 5), (91, 13), (188, 21)], [(213, -161), (67, -145), (-2, -77), (209, -35)]]


Estatísticas GRASP:
Tempo - Média: 14.38s, Desvio: 3.43s
Área - Média: 50.0%, Desvio: 0.06%
Peças - Média: 17.0, Desvio: 0.0
Fecho - Média: 72.34%, Desvio: 2.72%
Box - Média: 87.18%, Desvio: 8.7%
----------------------------------------------------------------------------------------------------------------------------------------------------------------------------------------------

