==============================================================================================================================================================================================
RESULTADOS GERAIS: 05/02/2025 14:37
==============================================================================================================================================================================================


||||||||||||||||||||||||||||||||||||||||||||||||||||||||||||||||||||||||||||||||||||||||||||||||||||||||||||||||||||||||||||||||||||||||||||||||||||||||||||||||||||||||||||||||||||||||||||||
Instância: embraer_3089
Data e Hora: 05/02/2025 14:37
Margem: True
{'dimensoes': ['80'], 'algoritmos': {'GCG': 0, 'GRASP': 1, 'GRASP_GCG': 0, 'Random_Key': 0}, 'num_execucoes': 2}
||||||||||||||||||||||||||||||||||||||||||||||||||||||||||||||||||||||||||||||||||||||||||||||||||||||||||||||||||||||||||||||||||||||||||||||||||||||||||||||||||||||||||||||||||||||||||||||


==============================================================================================================================================================================================
Dimensão: (475, 317)
Máximo: 80%
Tempo pré-processamento NFPs: 10.11s
==============================================================================================================================================================================================

----------------------------------------------------------------------------------------------------------------------------------------------------------------------------------------------
RESULTADOS GRASP:
GRASP: Tempo: 38.8s, Area: 71.34%, Peças: 16/18, Fecho: 90.0%, Box: 98.0%
Peças GRASP 1: [[(-177, -117), (-185, -104), (-200, 9), (-190, 17), (-131, 16), (-124, 9), (-124, -105), (-131, -117)], [(-46, 16), (-42, 10), (-43, -94), (-70, -116), (-99, -113), (-118, -95), (-119, 10), (-113, 16)], [(23, 9), (10, -110), (-37, -110), (-38, 9)], [(38, 21), (-190, 21), (-191, 131), (38, 83)], [(34, -96), (28, -89), (28, 9), (35, 17), (73, 17), (80, 7), (87, -89), (80, -96)], [(45, 91), (57, 91), (81, 66), (81, 23), (79, 21), (49, 23), (43, 66), (42, 90)], [(86, 68), (133, 65), (118, -73), (91, -72)], [(176, 64), (176, -33), (132, -34), (138, 64)], [(127, -106), (127, -38), (175, -37), (176, -105)], [(245, 20), (270, -39), (270, -96), (246, -106), (206, -106), (182, -97), (181, -32), (211, 19)], [(251, 60), (251, 48), (226, 24), (183, 24), (181, 26), (183, 56), (226, 62), (250, 63)], [(265, 73), (259, 67), (81, 73), (81, 105), (265, 110)], [(-57, 109), (-57, 139), (129, 137), (127, 112)], [(221, 114), (134, 114), (133, 161), (221, 159)], [(128, 150), (120, 142), (-71, 145), (-78, 154), (-78, 190), (-71, 197), (122, 190), (129, 183)], [(-83, 184), (-84, 133), (-173, 133), (-171, 181)]]

GRASP: Tempo: 44.53s, Area: 72.37%, Peças: 15/18, Fecho: 89.0%, Box: 99.0%
Peças GRASP 2: [[(-200, -117), (-200, -57), (-178, -35), (-138, -35), (-116, -57), (-117, -117)], [(-65, -29), (-65, -116), (-112, -117), (-110, -29)], [(-65, -4), (-124, -30), (-181, -30), (-191, -6), (-191, 34), (-182, 58), (-117, 59), (-66, 30)], [(-8, 0), (-2, -7), (-2, -105), (-9, -113), (-47, -113), (-54, -103), (-61, -6), (-54, 0)], [(7, 4), (-61, 4), (-62, 52), (7, 53)], [(6, -115), (2, -109), (3, -5), (30, 17), (59, 14), (78, -4), (79, -109), (73, -115)], [(137, 16), (145, 4), (160, -110), (150, -118), (91, -117), (84, -109), (84, 5), (91, 16)], [(109, 22), (12, 22), (11, 66), (109, 60)], [(6, 92), (6, 62), (-180, 64), (-178, 89)], [(-177, 132), (13, 132), (13, 98), (-177, 94)], [(137, 62), (18, 75), (17, 122), (137, 123)], [(165, -108), (165, 120), (275, 121), (227, -108)], [(219, 135), (211, 127), (20, 130), (13, 139), (13, 175), (20, 182), (213, 175), (220, 168)], [(9, 143), (3, 137), (-175, 143), (-175, 175), (9, 180)], [(261, 125), (249, 125), (225, 150), (225, 193), (227, 195), (257, 193), (263, 151), (264, 127)]]


Estatísticas GRASP:
Tempo - Média: 41.66s, Desvio: 2.87s
Área - Média: 71.86%, Desvio: 0.52%
Peças - Média: 15.5, Desvio: 0.5
----------------------------------------------------------------------------------------------------------------------------------------------------------------------------------------------

