==============================================================================================================================================================================================
RESULTADOS GERAIS: 03/02/2025 14:36
==============================================================================================================================================================================================


||||||||||||||||||||||||||||||||||||||||||||||||||||||||||||||||||||||||||||||||||||||||||||||||||||||||||||||||||||||||||||||||||||||||||||||||||||||||||||||||||||||||||||||||||||||||||||||
Instância: embraer_3274
Data e Hora: 03/02/2025 14:36
Margem: True
{'dimensoes': ['60'], 'algoritmos': {'GCG': 1, 'GRASP': 0, 'GRASP_GCG': 0, 'Random_Key': 0}, 'num_execucoes': 1}
||||||||||||||||||||||||||||||||||||||||||||||||||||||||||||||||||||||||||||||||||||||||||||||||||||||||||||||||||||||||||||||||||||||||||||||||||||||||||||||||||||||||||||||||||||||||||||||


==============================================================================================================================================================================================
Dimensão: (498, 332)
Máximo: 60%
Tempo pré-processamento NFPs: 9.19s
==============================================================================================================================================================================================

----------------------------------------------------------------------------------------------------------------------------------------------------------------------------------------------
RESULTADOS GCG:
GCG: Tempo: 114.37s, Area: 60.02%, Peças: 16/16, Fecho: 89.0%, Box: 96.0%
Peças GCG: [[(-200, -26), (-141, 11), (136, -45), (134, -114), (-81, -132), (-180, -68)], [(-173, 39), (-170, 43), (-123, 37), (-101, 27), (-101, 22), (-110, 17), (-173, 14)], [(-91, 49), (-98, 42), (-169, 48), (-173, 60), (-169, 86), (-160, 88), (-124, 83), (-91, 59)], [(-184, 125), (-175, 136), (-137, 136), (-118, 117), (-118, 97), (-121, 93), (-139, 91), (-182, 94), (-185, 97)], [(-45, 163), (-24, 130), (-32, 36), (-115, 82), (-110, 107), (-91, 139)], [(81, -4), (-15, -9), (-39, 5), (-41, 14), (-16, 59), (23, 79), (35, 80), (81, 8)], [(12, 77), (-19, 77), (-22, 81), (-20, 142), (-17, 145), (3, 142), (18, 124), (21, 87)], [(-184, 196), (-99, 190), (-73, 171), (-74, 157), (-84, 149), (-180, 141)], [(-31, 197), (13, 194), (13, 155), (10, 147), (-31, 152), (-35, 155)], [(19, 181), (71, 178), (79, 145), (79, 101), (31, 99), (17, 145)], [(133, 122), (135, 20), (126, 3), (116, 0), (76, 23), (52, 64), (50, 75), (57, 84)], [(119, 136), (95, 130), (87, 132), (78, 177), (79, 184), (103, 193), (113, 191), (120, 145)], [(154, -132), (141, -110), (139, -14), (143, -7), (226, -51), (225, -66), (206, -106)], [(197, -25), (187, -25), (161, 5), (158, 44), (160, 54), (186, 57), (198, 54), (201, -21)], [(255, -132), (233, -128), (229, 158), (255, 161)], [(276, -132), (259, -128), (256, 158), (269, 163), (280, 158)]]
----------------------------------------------------------------------------------------------------------------------------------------------------------------------------------------------


||||||||||||||||||||||||||||||||||||||||||||||||||||||||||||||||||||||||||||||||||||||||||||||||||||||||||||||||||||||||||||||||||||||||||||||||||||||||||||||||||||||||||||||||||||||||||||||
Instância: embraer_3153
Data e Hora: 03/02/2025 14:36
Margem: True
{'dimensoes': ['60'], 'algoritmos': {'GCG': 1, 'GRASP': 0, 'GRASP_GCG': 0, 'Random_Key': 0}, 'num_execucoes': 1}
||||||||||||||||||||||||||||||||||||||||||||||||||||||||||||||||||||||||||||||||||||||||||||||||||||||||||||||||||||||||||||||||||||||||||||||||||||||||||||||||||||||||||||||||||||||||||||||


==============================================================================================================================================================================================
Dimensão: (505, 336)
Máximo: 60%
Tempo pré-processamento NFPs: 9.29s
==============================================================================================================================================================================================

----------------------------------------------------------------------------------------------------------------------------------------------------------------------------------------------
RESULTADOS GCG:
GCG: Tempo: 141.53s, Area: 60.19%, Peças: 17/17, Fecho: 82.0%, Box: 98.0%
Peças GCG: [[(-200, -132), (-196, -115), (90, -111), (95, -124), (90, -136)], [(93, -84), (89, -106), (-197, -110), (-200, -84)], [(91, 71), (93, -80), (-85, -79), (-123, -51), (-120, -34), (35, 63)], [(-127, -45), (-127, -76), (-131, -79), (-192, -77), (-195, -74), (-192, -54), (-174, -39), (-137, -36)], [(-200, -29), (-200, -19), (-170, 7), (-131, 10), (-121, 8), (-118, -18), (-122, -30), (-197, -33)], [(-83, 36), (-85, 21), (-90, 15), (-177, 15), (-181, 22), (-179, 29), (-90, 45)], [(-173, 55), (-169, 96), (35, 89), (35, 68), (-23, 50), (-168, 50)], [(-178, 34), (-199, 34), (-199, 67), (-183, 67), (-178, 62)], [(-169, 101), (-162, 141), (-19, 143), (38, 125), (35, 101)], [(-196, 121), (-178, 121), (-175, 118), (-176, 75), (-179, 72), (-197, 72), (-199, 75), (-199, 118)], [(77, 163), (84, 156), (78, 85), (66, 81), (40, 85), (38, 94), (43, 131), (67, 163)], [(46, 143), (-39, 149), (-65, 168), (-65, 182), (-55, 190), (42, 198)], [(-180, 157), (-180, 172), (-156, 189), (-68, 189), (-72, 149), (-168, 146)], [(98, -136), (114, 10), (182, 79), (224, -131)], [(133, 94), (144, 85), (144, 47), (125, 28), (105, 28), (101, 31), (99, 49), (102, 92), (105, 95)], [(159, 98), (107, 101), (98, 134), (99, 178), (147, 180), (161, 134)], [(225, -136), (225, -68), (228, -65), (297, -79), (294, -136)]]
----------------------------------------------------------------------------------------------------------------------------------------------------------------------------------------------


||||||||||||||||||||||||||||||||||||||||||||||||||||||||||||||||||||||||||||||||||||||||||||||||||||||||||||||||||||||||||||||||||||||||||||||||||||||||||||||||||||||||||||||||||||||||||||||
Instância: embraer_3089
Data e Hora: 03/02/2025 14:36
Margem: True
{'dimensoes': ['60'], 'algoritmos': {'GCG': 1, 'GRASP': 0, 'GRASP_GCG': 0, 'Random_Key': 0}, 'num_execucoes': 1}
||||||||||||||||||||||||||||||||||||||||||||||||||||||||||||||||||||||||||||||||||||||||||||||||||||||||||||||||||||||||||||||||||||||||||||||||||||||||||||||||||||||||||||||||||||||||||||||


==============================================================================================================================================================================================
Dimensão: (549, 366)
Máximo: 60%
Tempo pré-processamento NFPs: 9.83s
==============================================================================================================================================================================================

----------------------------------------------------------------------------------------------------------------------------------------------------------------------------------------------
RESULTADOS GCG:
GCG: Tempo: 116.0s, Area: 60.02%, Peças: 18/18, Fecho: 83.0%, Box: 94.0%
Peças GCG: [[(6, -158), (-2, -166), (-193, -163), (-200, -154), (-200, -118), (-193, -111), (0, -118), (7, -125)], [(-8, -106), (-14, -112), (-192, -106), (-192, -74), (-8, -69)], [(-198, -30), (-8, -30), (-8, -64), (-198, -68)], [(-8, 5), (-8, -25), (-194, -23), (-192, 2)], [(-193, 6), (-190, 53), (-52, 38), (-53, 11)], [(-51, 43), (-170, 56), (-171, 103), (-51, 104)], [(-4, 107), (-4, 10), (-48, 9), (-42, 107)], [(-177, 181), (-171, 185), (-67, 184), (-45, 157), (-48, 128), (-66, 109), (-171, 108), (-177, 114)], [(-4, 112), (-16, 112), (-40, 137), (-40, 180), (-38, 182), (-8, 180), (-2, 138), (-1, 114)], [(238, -166), (10, -166), (9, -56), (238, -104)], [(73, -13), (132, 12), (189, 12), (199, -12), (199, -52), (190, -76), (125, -76), (74, -47)], [(9, -51), (9, 17), (57, 18), (58, -50)], [(162, 28), (155, 22), (57, 22), (49, 29), (49, 67), (59, 74), (156, 81), (162, 74)], [(24, 83), (24, 143), (46, 165), (86, 165), (108, 143), (107, 83)], [(164, 86), (113, 87), (113, 176), (161, 174)], [(215, 105), (215, 18), (168, 17), (170, 105)], [(168, 200), (180, 200), (204, 175), (204, 132), (202, 130), (172, 132), (166, 175), (165, 199)], [(263, -166), (255, -153), (240, -40), (250, -32), (309, -33), (316, -40), (316, -154), (309, -166)]]
----------------------------------------------------------------------------------------------------------------------------------------------------------------------------------------------


||||||||||||||||||||||||||||||||||||||||||||||||||||||||||||||||||||||||||||||||||||||||||||||||||||||||||||||||||||||||||||||||||||||||||||||||||||||||||||||||||||||||||||||||||||||||||||||
Instância: embraer_3086
Data e Hora: 03/02/2025 14:36
Margem: True
{'dimensoes': ['60'], 'algoritmos': {'GCG': 1, 'GRASP': 0, 'GRASP_GCG': 0, 'Random_Key': 0}, 'num_execucoes': 1}
||||||||||||||||||||||||||||||||||||||||||||||||||||||||||||||||||||||||||||||||||||||||||||||||||||||||||||||||||||||||||||||||||||||||||||||||||||||||||||||||||||||||||||||||||||||||||||||


==============================================================================================================================================================================================
Dimensão: (576, 384)
Máximo: 60%
Tempo pré-processamento NFPs: 9.95s
==============================================================================================================================================================================================

----------------------------------------------------------------------------------------------------------------------------------------------------------------------------------------------
RESULTADOS GCG:
GCG: Tempo: 150.63s, Area: 59.9%, Peças: 17/17, Fecho: 88.0%, Box: 90.0%
Peças GCG: [[(-200, -110), (-21, -92), (87, -97), (179, -116), (191, -162), (176, -174), (-199, -184)], [(-174, -74), (-171, -70), (-124, -76), (-102, -86), (-102, -91), (-111, -96), (-174, -99)], [(37, -32), (33, -73), (-171, -65), (-171, -44), (-113, -27), (32, -27)], [(-41, -8), (-64, -21), (-160, -23), (-167, -19), (-123, 64), (-108, 63), (-67, 44)], [(-161, 71), (-150, 62), (-150, 24), (-169, 5), (-189, 5), (-193, 8), (-195, 26), (-192, 69), (-189, 72)], [(-129, 96), (-129, 80), (-132, 77), (-189, 77), (-189, 86), (-162, 116), (-148, 116)], [(-166, 120), (-197, 120), (-200, 124), (-198, 185), (-195, 188), (-175, 185), (-160, 167), (-157, 130)], [(-122, 68), (-127, 164), (-113, 188), (-104, 190), (-59, 165), (-39, 127), (-38, 115), (-110, 69)], [(-26, -17), (-47, 16), (-39, 110), (44, 65), (39, 40), (20, 8)], [(42, -68), (40, 34), (49, 51), (59, 54), (99, 32), (123, -9), (125, -20), (118, -29)], [(-3, 134), (-27, 128), (-35, 130), (-44, 175), (-43, 182), (-19, 191), (-9, 189), (-2, 143)], [(1, 137), (45, 134), (45, 95), (42, 87), (1, 92), (-3, 95)], [(50, 134), (122, 126), (122, 59), (119, 50), (50, 60)], [(154, -105), (132, -101), (128, 185), (154, 188)], [(163, 185), (180, 181), (183, -105), (170, -110), (159, -105)], [(289, 190), (270, -184), (230, -182), (196, -40), (208, 187)], [(331, -184), (291, -177), (290, -34), (308, 23), (332, 20)]]
----------------------------------------------------------------------------------------------------------------------------------------------------------------------------------------------


||||||||||||||||||||||||||||||||||||||||||||||||||||||||||||||||||||||||||||||||||||||||||||||||||||||||||||||||||||||||||||||||||||||||||||||||||||||||||||||||||||||||||||||||||||||||||||||
Instância: embraer_2338
Data e Hora: 03/02/2025 14:36
Margem: True
{'dimensoes': ['60'], 'algoritmos': {'GCG': 1, 'GRASP': 0, 'GRASP_GCG': 0, 'Random_Key': 0}, 'num_execucoes': 1}
||||||||||||||||||||||||||||||||||||||||||||||||||||||||||||||||||||||||||||||||||||||||||||||||||||||||||||||||||||||||||||||||||||||||||||||||||||||||||||||||||||||||||||||||||||||||||||||


==============================================================================================================================================================================================
Dimensão: (613, 409)
Máximo: 60%
Tempo pré-processamento NFPs: 110.03s
==============================================================================================================================================================================================

----------------------------------------------------------------------------------------------------------------------------------------------------------------------------------------------
RESULTADOS GCG:
GCG: Tempo: 216.5s, Area: 60.09%, Peças: 19/19, Fecho: 80.0%, Box: 88.0%
Peças GCG: [[(174, -209), (-200, -191), (-198, -151), (-56, -116), (171, -128)], [(-128, -108), (-128, -129), (-161, -129), (-161, -113), (-156, -108)], [(-135, -84), (39, -85), (39, -101), (35, -105), (-129, -103)], [(-175, -71), (-171, -74), (-178, -121), (-188, -143), (-193, -143), (-198, -134), (-200, -71)], [(46, -59), (-188, -66), (-192, 55), (-79, 71), (30, -12)], [(-199, 67), (-197, 82), (-192, 88), (-105, 89), (-101, 82), (-103, 75), (-192, 58)], [(-96, 105), (-105, 94), (-193, 101), (-197, 116), (-192, 168), (-179, 172), (-143, 158), (-96, 111)], [(-86, 75), (-93, 81), (-87, 152), (-75, 156), (-49, 152), (-47, 143), (-52, 107), (-76, 74)], [(-41, 127), (-31, 127), (-5, 97), (-2, 58), (-4, 48), (-30, 45), (-42, 48), (-45, 124)], [(0, 16), (6, 101), (25, 127), (39, 127), (47, 117), (55, 21)], [(158, 15), (160, -105), (51, -105), (50, 16)], [(-160, 182), (-158, 187), (-51, 194), (-43, 172), (-50, 167), (-160, 171)], [(-43, 163), (-38, 174), (-12, 197), (-2, 197), (55, 165), (55, 159), (31, 132), (-14, 133), (-43, 156)], [(65, 162), (80, 162), (97, 138), (97, 50), (57, 53), (54, 150)], [(174, 18), (102, 26), (102, 93), (105, 102), (174, 93)], [(171, 190), (174, 182), (171, 115), (105, 107), (102, 116), (102, 183)], [(197, -209), (180, -30), (185, 78), (204, 170), (250, 182), (262, 167), (271, -208)], [(327, -209), (289, -206), (272, -173), (272, -126), (292, -90), (325, -91), (346, -125), (346, -173)], [(284, -89), (275, -86), (275, 85), (295, 81), (296, -84)]]
----------------------------------------------------------------------------------------------------------------------------------------------------------------------------------------------


||||||||||||||||||||||||||||||||||||||||||||||||||||||||||||||||||||||||||||||||||||||||||||||||||||||||||||||||||||||||||||||||||||||||||||||||||||||||||||||||||||||||||||||||||||||||||||||
Instância: embraer_610
Data e Hora: 03/02/2025 14:36
Margem: True
{'dimensoes': ['60'], 'algoritmos': {'GCG': 1, 'GRASP': 0, 'GRASP_GCG': 0, 'Random_Key': 0}, 'num_execucoes': 1}
||||||||||||||||||||||||||||||||||||||||||||||||||||||||||||||||||||||||||||||||||||||||||||||||||||||||||||||||||||||||||||||||||||||||||||||||||||||||||||||||||||||||||||||||||||||||||||||


==============================================================================================================================================================================================
Dimensão: (461, 307)
Máximo: 60%
Tempo pré-processamento NFPs: 308.12s
==============================================================================================================================================================================================

----------------------------------------------------------------------------------------------------------------------------------------------------------------------------------------------
RESULTADOS GCG:
GCG: Tempo: 462.34s, Area: 54.89%, Peças: 13/15, Fecho: 88.0%, Box: 97.0%
Peças GCG: [[(7, -85), (-9, -107), (-20, -107), (-21, -92), (-185, -96), (-200, -89), (-200, -75), (-185, -74), (-194, -68), (-185, -52), (-171, -52), (-170, -67), (-126, -68), (-114, -58), (-101, -83), (-68, -79), (-74, -68), (-62, -56), (-47, -56), (-48, -71), (-12, -73), (-5, -64)], [(-190, 30), (-173, 30), (-172, 25), (-69, 20), (-69, 3), (-74, 3), (-71, -59), (-88, -60), (-88, -51), (-197, -47), (-197, -29), (-190, -29)], [(-71, 28), (-83, 26), (-102, 49), (-115, 45), (-119, 30), (-155, 33), (-155, 43), (-165, 48), (-188, 47), (-183, 124), (-159, 121), (-149, 135), (-107, 123), (-101, 100), (-77, 93)], [(-200, 35), (-200, 44), (-195, 44), (-191, 39), (-191, 35)], [(-196, 144), (-178, 146), (-175, 165), (-159, 163), (-158, 159), (-134, 158), (-127, 161), (-120, 158), (-121, 141), (-144, 144), (-172, 134), (-176, 128), (-192, 129)], [(-42, 164), (-36, 154), (-36, -14), (-68, -13), (-68, -1), (-61, -1), (-63, 163)], [(-17, 130), (-16, 123), (-2, 122), (-2, 115), (-10, 115), (-12, 27), (-8, -61), (-23, -61), (-23, -53), (-34, -53), (-34, -39), (-28, -39), (-31, 130)], [(8, -81), (8, -62), (14, -61), (12, -49), (24, -38), (24, -19), (36, -19), (36, -25), (78, -25), (79, -40), (86, -44), (131, -51), (125, -82), (83, -81), (66, -93), (66, -107), (55, -107), (54, -101), (18, -100), (19, -81)], [(116, -23), (104, -23), (103, -16), (15, -13), (27, 68), (38, 68), (38, 61), (125, 58), (125, 46), (117, 46)], [(129, 185), (129, 167), (124, 167), (120, 66), (38, 72), (37, 90), (45, 90), (48, 192), (65, 192), (65, 185)], [(253, -107), (241, -107), (241, -100), (133, -101), (141, -19), (153, -19), (153, -26), (260, -24), (260, -36), (253, -37)], [(239, -19), (225, -19), (225, -13), (140, -14), (140, 2), (147, 2), (148, 79), (162, 79), (163, 71), (216, 69), (235, 42), (247, 41), (247, 30), (240, 30)], [(151, 150), (163, 150), (164, 143), (232, 142), (232, 131), (227, 130), (229, 73), (217, 73), (217, 81), (155, 84)]]
----------------------------------------------------------------------------------------------------------------------------------------------------------------------------------------------


||||||||||||||||||||||||||||||||||||||||||||||||||||||||||||||||||||||||||||||||||||||||||||||||||||||||||||||||||||||||||||||||||||||||||||||||||||||||||||||||||||||||||||||||||||||||||||||
Instância: embraer_55
Data e Hora: 03/02/2025 14:36
Margem: True
{'dimensoes': ['60'], 'algoritmos': {'GCG': 1, 'GRASP': 0, 'GRASP_GCG': 0, 'Random_Key': 0}, 'num_execucoes': 1}
||||||||||||||||||||||||||||||||||||||||||||||||||||||||||||||||||||||||||||||||||||||||||||||||||||||||||||||||||||||||||||||||||||||||||||||||||||||||||||||||||||||||||||||||||||||||||||||

