==============================================================================================================================================================================================
RESULTADOS GERAIS: 05/02/2025 14:42
==============================================================================================================================================================================================


||||||||||||||||||||||||||||||||||||||||||||||||||||||||||||||||||||||||||||||||||||||||||||||||||||||||||||||||||||||||||||||||||||||||||||||||||||||||||||||||||||||||||||||||||||||||||||||
Instância: embraer_3089
Data e Hora: 05/02/2025 14:42
Margem: True
{'dimensoes': ['80'], 'algoritmos': {'GCG': 0, 'GRASP': 1, 'GRASP_GCG': 0, 'Random_Key': 0}, 'num_execucoes': 1}
||||||||||||||||||||||||||||||||||||||||||||||||||||||||||||||||||||||||||||||||||||||||||||||||||||||||||||||||||||||||||||||||||||||||||||||||||||||||||||||||||||||||||||||||||||||||||||||


==============================================================================================================================================================================================
Dimensão: (475, 317)
Máximo: 80%
Tempo pré-processamento NFPs: 10.12s
==============================================================================================================================================================================================

----------------------------------------------------------------------------------------------------------------------------------------------------------------------------------------------
RESULTADOS GRASP:
GRASP: Tempo: 50.85s, Area: 73.84%, Peças: 17/18, Fecho: 93.0%, Box: 98.0%
Peças GRASP 1: [[(-153, -117), (-200, -114), (-185, 24), (-158, 23)], [(-148, -117), (-148, 111), (-38, 112), (-86, -117)], [(-200, 28), (-200, 115), (-153, 116), (-155, 28)], [(-40, 123), (-46, 118), (-150, 120), (-172, 146), (-169, 175), (-151, 194), (-46, 196), (-40, 190)], [(6, 118), (13, 110), (11, -81), (1, -88), (-35, -88), (-42, -81), (-34, 112), (-27, 119)], [(-35, 123), (-35, 191), (13, 192), (14, 124)], [(55, 192), (55, 2), (21, 2), (17, 192)], [(53, -72), (41, -72), (17, -47), (17, -4), (19, -2), (49, -4), (55, -46), (56, -70)], [(-2, -113), (-2, -101), (23, -77), (66, -77), (68, -79), (66, -109), (23, -115), (-1, -116)], [(97, 192), (102, 186), (96, 8), (64, 8), (60, 192)], [(135, 0), (105, 0), (107, 186), (132, 184)], [(179, -64), (60, -51), (59, -4), (179, -3)], [(193, 134), (201, 122), (216, 8), (206, 0), (147, 1), (140, 9), (140, 123), (147, 134)], [(228, 190), (227, 139), (138, 139), (140, 187)], [(187, -85), (187, -25), (209, -3), (249, -3), (271, -25), (270, -85)], [(182, -108), (85, -108), (84, -64), (182, -70)], [(264, 134), (270, 127), (270, 29), (263, 21), (225, 21), (218, 31), (211, 128), (218, 134)]]


Estatísticas GRASP:
Tempo - Média: 50.85s, Desvio: 0.0s
Área - Média: 73.84%, Desvio: 0.0%
Peças - Média: 17.0, Desvio: 0.0
----------------------------------------------------------------------------------------------------------------------------------------------------------------------------------------------

