==============================================================================================================================================================================================
RESULTADOS GERAIS: 23/01/2025 16:55
==============================================================================================================================================================================================


||||||||||||||||||||||||||||||||||||||||||||||||||||||||||||||||||||||||||||||||||||||||||||||||||||||||||||||||||||||||||||||||||||||||||||||||||||||||||||||||||||||||||||||||||||||||||||||
Instância: embraer_55
Data e Hora: 23/01/2025 16:55
Margem: True
{'dimensoes': ['70'], 'algoritmos': {'GCG': 0, 'GRASP': 1, 'GRASP_GCG': 1, 'Random_Key': 0}, 'num_execucoes': 5}
||||||||||||||||||||||||||||||||||||||||||||||||||||||||||||||||||||||||||||||||||||||||||||||||||||||||||||||||||||||||||||||||||||||||||||||||||||||||||||||||||||||||||||||||||||||||||||||


==============================================================================================================================================================================================
Dimensão: (441, 294)
Máximo: 70%
Tempo pré-processamento NFPs: 274.59s
==============================================================================================================================================================================================

----------------------------------------------------------------------------------------------------------------------------------------------------------------------------------------------
RESULTADOS GRASP:
GRASP: Tempo: 1925.96s, Area: 68.72%, Peças: 18/19, Fecho: 95.0%, Box: 100.0%
Peças GRASP 1: [[(-164, -93), (-175, -94), (-175, -82), (-196, -65), (-200, -19), (-186, -18), (-186, -25), (-166, -23), (-165, -38), (-174, -38), (-175, -73)], [(-159, -90), (-144, -75), (-146, -21), (84, -12), (224, -48), (217, -90), (202, -75)], [(-181, -16), (-180, -11), (-172, -9), (-172, 5), (-164, 5), (-164, -1), (-107, -2), (-88, 2), (-82, -3), (-83, -11), (-126, -8), (-169, -18)], [(130, 9), (123, -14), (114, -14), (114, -7), (-78, -11), (-72, 23), (-36, 22), (-22, 29), (69, 29)], [(200, -26), (187, -34), (132, -16), (135, 20), (148, 19), (149, 12), (176, 9), (200, -22)], [(-186, 50), (-109, 42), (-94, 26), (-82, 24), (-82, 14), (-94, 5), (-112, 11), (-178, 9), (-179, 3), (-184, 3), (-189, 13), (-189, 24), (-185, 24)], [(189, 103), (181, 29), (-186, 55), (-178, 90), (16, 119)], [(214, -20), (204, -19), (192, 6), (184, 7), (192, 92), (209, 93), (209, 83), (224, 82), (223, 66), (217, 66), (217, 0), (223, -8)], [(213, 107), (201, 103), (177, 114), (148, 112), (147, 123), (154, 127), (156, 133), (167, 132), (167, 126), (216, 120)], [(132, 154), (130, 114), (121, 114), (121, 121), (-71, 126), (-64, 145), (-11, 160)], [(-75, 110), (-87, 110), (-87, 116), (-141, 112), (-141, 124), (-133, 139), (-133, 181), (-114, 177), (-68, 182), (-68, 170), (-75, 170)], [(137, 138), (137, 150), (144, 151), (152, 200), (164, 199), (164, 196), (221, 195), (221, 183), (212, 182), (207, 131), (196, 132), (196, 137)], [(-13, 170), (-20, 168), (-20, 163), (-30, 163), (-30, 170), (-63, 170), (-63, 181), (-55, 188), (-46, 188), (-45, 181), (-24, 181), (-23, 183), (-13, 181)], [(143, 181), (138, 181), (136, 163), (131, 160), (98, 161), (82, 176), (80, 190), (98, 198), (135, 198), (138, 190), (143, 189)], [(239, 184), (235, 10), (227, 10), (223, 19), (229, 75), (228, 184)], [(-156, 98), (-167, 98), (-168, 105), (-192, 108), (-186, 147), (-174, 147), (-174, 138), (-146, 135), (-146, 124), (-153, 124)], [(74, 199), (77, 170), (71, 162), (35, 164), (35, 166), (20, 168), (17, 172), (12, 173), (13, 183), (17, 183), (20, 189), (23, 189), (33, 200), (70, 201)], [(-139, 152), (-150, 150), (-151, 158), (-191, 152), (-193, 166), (-190, 179), (-179, 181), (-179, 176), (-140, 182), (-139, 170), (-142, 170), (-142, 165), (-138, 162)]]

GRASP: Tempo: 2442.28s, Area: 68.45%, Peças: 17/19, Fecho: 93.0%, Box: 100.0%
Peças GRASP 2: [[(175, -20), (167, -94), (-200, -68), (-192, -33), (2, -4)], [(202, 15), (202, 5), (176, -7), (175, -15), (90, -7), (89, 10), (99, 10), (100, 25), (116, 24), (116, 18), (183, 18), (191, 24)], [(212, -58), (201, -58), (200, -51), (176, -48), (182, -9), (194, -9), (194, -18), (222, -21), (222, -32), (215, -32)], [(84, 2), (77, 0), (77, -5), (67, -5), (67, 2), (34, 2), (34, 13), (42, 20), (51, 20), (52, 13), (73, 13), (74, 15), (84, 13)], [(-69, -5), (-68, 0), (-60, 2), (-60, 16), (-52, 16), (-52, 10), (5, 9), (24, 13), (30, 8), (29, 0), (-14, 3), (-57, -7)], [(-170, 18), (-155, 33), (-157, 87), (73, 96), (213, 60), (206, 18), (191, 33)], [(-196, -21), (-199, 7), (-193, 15), (-157, 14), (-157, 12), (-142, 10), (-139, 6), (-134, 5), (-135, -5), (-139, -5), (-142, -11), (-145, -11), (-155, -22), (-192, -23)], [(115, 118), (108, 95), (99, 95), (99, 102), (-93, 98), (-87, 132), (-51, 131), (-37, 138), (54, 138)], [(-96, 127), (-95, 116), (-107, 116), (-125, 95), (-171, 91), (-172, 105), (-165, 105), (-167, 125), (-152, 126), (-152, 117), (-116, 116)], [(198, 148), (198, 136), (191, 135), (183, 86), (171, 87), (171, 90), (114, 91), (114, 103), (123, 104), (127, 155), (139, 154), (139, 149)], [(195, 70), (187, 82), (205, 137), (241, 134), (240, 121), (233, 120), (230, 94), (199, 70)], [(76, 143), (67, 139), (58, 143), (-95, 148), (-95, 159), (76, 154)], [(91, 192), (89, 152), (80, 152), (80, 159), (-112, 164), (-105, 183), (-52, 198)], [(-116, 127), (-128, 127), (-128, 133), (-182, 129), (-182, 141), (-174, 156), (-174, 198), (-155, 194), (-109, 199), (-109, 187), (-116, 187)], [(238, 86), (234, -88), (226, -88), (222, -79), (228, -23), (227, 86)], [(-182, 82), (-182, 77), (-164, 75), (-161, 70), (-162, 37), (-178, 21), (-192, 19), (-200, 37), (-199, 74), (-191, 77), (-190, 82)], [(200, 152), (123, 160), (108, 176), (96, 178), (96, 188), (107, 197), (125, 191), (192, 193), (193, 199), (198, 199), (203, 189), (203, 178), (199, 178)]]

GRASP: Tempo: 1799.85s, Area: 70.1%, Peças: 19/19, Fecho: 98.0%, Box: 100.0%
Peças GRASP 3: [[(-170, -94), (-180, -93), (-192, -68), (-200, -67), (-192, 18), (-175, 19), (-175, 9), (-160, 8), (-161, -8), (-167, -8), (-167, -74), (-161, -82)], [(-163, -64), (-155, 9), (212, -17), (204, -52), (10, -80)], [(1, 9), (-8, 5), (-17, 9), (-170, 14), (-170, 25), (1, 20)], [(205, 30), (203, -10), (194, -10), (194, -3), (2, 2), (9, 21), (62, 36)], [(-164, 32), (-149, 47), (-151, 101), (79, 110), (219, 74), (212, 32), (197, 47)], [(-199, 91), (-170, 94), (-162, 88), (-164, 52), (-166, 52), (-168, 37), (-172, 34), (-173, 29), (-183, 30), (-183, 34), (-189, 37), (-189, 40), (-200, 50), (-201, 87)], [(237, -35), (232, -34), (230, -26), (216, -26), (216, -18), (222, -18), (224, 39), (220, 58), (225, 64), (233, 63), (230, 20), (240, -23)], [(119, -94), (-55, -91), (-55, -83), (-46, -79), (10, -84), (119, -83)], [(173, -85), (166, -87), (166, -92), (156, -92), (156, -85), (123, -85), (123, -74), (131, -67), (140, -67), (141, -74), (162, -74), (163, -72), (173, -74)], [(232, -88), (221, -90), (220, -82), (180, -88), (178, -74), (181, -61), (192, -59), (192, -64), (231, -58), (232, -70), (229, -70), (229, -75), (233, -78)], [(231, 79), (219, 79), (218, 87), (169, 94), (170, 106), (173, 106), (174, 163), (186, 163), (187, 154), (238, 150), (237, 139), (232, 139)], [(170, 133), (163, 110), (154, 110), (154, 117), (-38, 113), (-32, 147), (4, 146), (18, 153), (109, 153)], [(-43, 110), (-55, 110), (-55, 116), (-109, 112), (-109, 124), (-101, 139), (-101, 181), (-82, 177), (-36, 182), (-36, 170), (-43, 170)], [(169, 151), (92, 159), (77, 175), (65, 177), (65, 187), (76, 196), (94, 190), (161, 192), (162, 198), (167, 198), (172, 188), (172, 177), (168, 177)], [(-114, 175), (-106, 162), (-124, 107), (-160, 110), (-159, 124), (-152, 125), (-149, 151), (-118, 175)], [(44, 192), (45, 181), (33, 181), (15, 160), (-31, 156), (-32, 170), (-25, 170), (-27, 190), (-12, 191), (-12, 182), (24, 181)], [(-164, 126), (-175, 126), (-176, 133), (-200, 136), (-194, 175), (-182, 175), (-182, 166), (-154, 163), (-154, 152), (-161, 152)], [(-193, 194), (-181, 197), (-157, 187), (-128, 188), (-127, 177), (-134, 173), (-136, 167), (-147, 169), (-147, 175), (-196, 181)], [(240, 182), (235, 182), (233, 164), (228, 161), (195, 162), (179, 177), (177, 191), (195, 199), (232, 199), (235, 191), (240, 190)]]

GRASP: Tempo: 2024.07s, Area: 67.75%, Peças: 18/19, Fecho: 91.0%, Box: 99.0%
Peças GRASP 4: [[(175, -20), (167, -94), (-200, -68), (-192, -33), (2, -4)], [(210, -19), (212, -30), (204, -31), (209, -71), (195, -73), (182, -70), (180, -59), (185, -59), (179, -20), (192, -19), (192, -22), (197, -22), (200, -18)], [(202, 15), (202, 5), (176, -7), (175, -15), (90, -7), (89, 10), (99, 10), (100, 25), (116, 24), (116, 18), (183, 18), (191, 24)], [(85, 0), (-89, 3), (-89, 11), (-80, 15), (-24, 10), (85, 11)], [(-187, -17), (-186, -12), (-178, -10), (-178, 4), (-170, 4), (-170, -2), (-113, -3), (-94, 1), (-88, -4), (-89, -12), (-132, -9), (-175, -19)], [(-170, 18), (-155, 33), (-157, 87), (73, 96), (213, 60), (206, 18), (191, 33)], [(233, 51), (236, 39), (226, 15), (227, -14), (216, -15), (212, -8), (206, -6), (207, 5), (213, 5), (220, 54)], [(115, 118), (108, 95), (99, 95), (99, 102), (-93, 98), (-87, 132), (-51, 131), (-37, 138), (54, 138)], [(185, 84), (172, 76), (117, 94), (120, 130), (133, 129), (134, 122), (161, 119), (185, 88)], [(-157, 95), (-160, 123), (-154, 131), (-118, 130), (-118, 128), (-103, 126), (-100, 122), (-95, 121), (-96, 111), (-100, 111), (-103, 105), (-106, 105), (-116, 94), (-153, 93)], [(-182, 78), (-182, 73), (-164, 71), (-161, 66), (-162, 33), (-178, 17), (-192, 15), (-200, 33), (-199, 70), (-191, 73), (-190, 78)], [(200, 108), (211, 108), (212, 102), (236, 98), (230, 59), (218, 59), (218, 68), (190, 72), (190, 83), (197, 83)], [(-85, 193), (-85, 181), (-92, 180), (-100, 131), (-112, 132), (-112, 135), (-169, 136), (-169, 148), (-160, 149), (-156, 200), (-144, 199), (-144, 194)], [(110, 175), (108, 135), (99, 135), (99, 142), (-93, 147), (-86, 166), (-33, 181)], [(163, 135), (156, 133), (156, 128), (146, 128), (146, 135), (113, 135), (113, 146), (121, 153), (130, 153), (131, 146), (152, 146), (153, 148), (163, 146)], [(237, 179), (237, 167), (231, 167), (234, 113), (222, 113), (207, 121), (165, 121), (169, 140), (164, 186), (177, 186), (177, 179)], [(-200, 157), (-189, 158), (-189, 146), (-168, 128), (-164, 82), (-178, 81), (-178, 88), (-198, 86), (-199, 102), (-190, 102), (-189, 137)], [(126, 181), (117, 177), (108, 181), (-45, 186), (-45, 197), (126, 192)]]

GRASP: Tempo: 2718.8s, Area: 67.88%, Peças: 17/19, Fecho: 93.0%, Box: 100.0%
Peças GRASP 5: [[(-170, -94), (-180, -93), (-192, -68), (-200, -67), (-192, 18), (-175, 19), (-175, 9), (-160, 8), (-161, -8), (-167, -8), (-167, -74), (-161, -82)], [(-163, -64), (-155, 9), (212, -17), (204, -52), (10, -80)], [(1, 9), (-8, 5), (-17, 9), (-170, 14), (-170, 25), (1, 20)], [(205, 30), (203, -10), (194, -10), (194, -3), (2, 2), (9, 21), (62, 36)], [(-164, 32), (-149, 47), (-151, 101), (79, 110), (219, 74), (212, 32), (197, 47)], [(237, -35), (232, -34), (230, -26), (216, -26), (216, -18), (222, -18), (224, 39), (220, 58), (225, 64), (233, 63), (230, 20), (240, -23)], [(-170, 80), (-168, 73), (-164, 73), (-164, 63), (-170, 63), (-171, 30), (-182, 30), (-189, 38), (-189, 47), (-182, 48), (-181, 69), (-183, 70), (-181, 80)], [(121, 131), (114, 108), (105, 108), (105, 115), (-87, 111), (-81, 145), (-45, 144), (-31, 151), (60, 151)], [(119, -94), (-55, -91), (-55, -83), (-46, -79), (10, -84), (119, -83)], [(-92, 108), (-104, 108), (-104, 114), (-158, 110), (-158, 122), (-150, 137), (-150, 179), (-131, 175), (-85, 180), (-85, 168), (-92, 168)], [(-18, 177), (-23, 177), (-25, 159), (-30, 156), (-63, 157), (-79, 172), (-81, 186), (-63, 194), (-26, 194), (-23, 186), (-18, 185)], [(40, 158), (29, 156), (28, 164), (-12, 158), (-14, 172), (-11, 185), (0, 187), (0, 182), (39, 188), (40, 176), (37, 176), (37, 171), (41, 168)], [(183, 91), (171, 91), (170, 99), (121, 106), (122, 118), (125, 118), (126, 175), (138, 175), (139, 166), (190, 162), (189, 151), (184, 151)], [(187, 87), (195, 164), (211, 179), (213, 191), (223, 191), (232, 180), (226, 162), (228, 96), (234, 95), (234, 90), (224, 84), (213, 84), (213, 89)], [(112, 151), (99, 143), (44, 161), (47, 197), (60, 196), (61, 189), (88, 186), (112, 155)], [(173, 174), (161, 170), (137, 181), (108, 179), (107, 190), (114, 194), (116, 200), (127, 199), (127, 193), (176, 187)], [(-199, 147), (-170, 150), (-162, 144), (-164, 108), (-166, 108), (-168, 93), (-172, 90), (-173, 85), (-183, 86), (-183, 90), (-189, 93), (-189, 96), (-200, 106), (-201, 143)]]


Estatísticas GRASP:
Tempo - Média: 2182.19s, Desvio: 344.22s
Área - Média: 68.58%, Desvio: 0.84%
Peças - Média: 17.8, Desvio: 0.75
----------------------------------------------------------------------------------------------------------------------------------------------------------------------------------------------

----------------------------------------------------------------------------------------------------------------------------------------------------------------------------------------------
RESULTADOS GRASP_GCG:
