==============================================================================================================================================================================================
RESULTADOS GERAIS: 26/01/2025 01:06
==============================================================================================================================================================================================


||||||||||||||||||||||||||||||||||||||||||||||||||||||||||||||||||||||||||||||||||||||||||||||||||||||||||||||||||||||||||||||||||||||||||||||||||||||||||||||||||||||||||||||||||||||||||||||
Instância: embraer_55
Data e Hora: 26/01/2025 01:06
Margem: True
{'dimensoes': ['50', '60', '70', '80'], 'algoritmos': {'GCG': 0, 'GRASP': 0, 'GRASP_GCG': 1, 'Random_Key': 0}, 'num_execucoes': 3}
||||||||||||||||||||||||||||||||||||||||||||||||||||||||||||||||||||||||||||||||||||||||||||||||||||||||||||||||||||||||||||||||||||||||||||||||||||||||||||||||||||||||||||||||||||||||||||||


==============================================================================================================================================================================================
Dimensão: (522, 348)
Máximo: 50%
Tempo pré-processamento NFPs: 270.81s
==============================================================================================================================================================================================

----------------------------------------------------------------------------------------------------------------------------------------------------------------------------------------------
RESULTADOS GRASP_GCG:
GRASP_GCG: Tempo: 21.75s, Area: 49.99%, Peças: 19/19, Fecho: 79.0%, Box: 83.0%
Peças GRASP_GCG 1: [[(-146, -146), (-157, -148), (-158, -140), (-198, -146), (-200, -132), (-197, -119), (-186, -117), (-186, -122), (-147, -116), (-146, -128), (-149, -128), (-149, -133), (-145, -136)], [(-148, -111), (-140, -38), (227, -64), (219, -99), (25, -127)], [(-168, -113), (-168, -108), (-186, -106), (-189, -101), (-188, -68), (-172, -52), (-158, -50), (-151, -68), (-151, -105), (-159, -108), (-160, -113)], [(-141, -126), (-132, -123), (-123, -126), (30, -132), (30, -143), (-141, -137)], [(-144, -38), (-151, -40), (-151, -45), (-161, -45), (-161, -38), (-194, -38), (-194, -27), (-186, -20), (-177, -20), (-176, -27), (-155, -27), (-154, -25), (-144, -27)], [(-186, -15), (-171, 0), (-173, 54), (57, 63), (197, 27), (190, -15), (175, 0)], [(64, 90), (57, 67), (48, 67), (48, 74), (-144, 70), (-138, 104), (-102, 103), (-88, 110), (3, 110)], [(-196, 62), (-188, 139), (-172, 154), (-170, 166), (-160, 166), (-151, 155), (-157, 137), (-155, 71), (-149, 70), (-149, 65), (-159, 59), (-170, 59), (-170, 64)], [(-125, 165), (-137, 161), (-161, 172), (-190, 170), (-191, 181), (-184, 185), (-182, 191), (-171, 190), (-171, 184), (-122, 178)], [(-54, 123), (-67, 115), (-122, 133), (-119, 169), (-106, 168), (-105, 161), (-78, 158), (-54, 127)], [(11, 188), (11, 178), (-15, 166), (-16, 158), (-101, 166), (-102, 183), (-92, 183), (-91, 198), (-75, 197), (-75, 191), (-8, 191), (0, 197)], [(26, 155), (27, 144), (15, 144), (-3, 123), (-49, 119), (-50, 133), (-43, 133), (-45, 153), (-30, 154), (-30, 145), (6, 144)], [(90, 92), (78, 92), (77, 100), (28, 107), (29, 119), (32, 119), (33, 176), (45, 176), (46, 167), (97, 163), (96, 152), (91, 152)], [(153, 57), (141, 57), (141, 63), (87, 59), (87, 71), (95, 86), (95, 128), (114, 124), (160, 129), (160, 117), (153, 117)], [(138, 134), (109, 131), (101, 137), (102, 173), (104, 173), (107, 188), (111, 191), (112, 196), (122, 195), (122, 191), (128, 188), (128, 185), (139, 175), (140, 138)], [(181, 126), (170, 126), (169, 133), (145, 136), (151, 175), (163, 175), (163, 166), (191, 163), (191, 152), (184, 152)], [(231, -58), (192, -56), (192, -47), (199, -47), (204, 145), (223, 138), (238, 85)], [(209, -144), (35, -141), (35, -133), (44, -129), (100, -134), (209, -133)], [(234, -112), (233, -117), (225, -119), (225, -133), (217, -132), (217, -126), (160, -125), (141, -129), (135, -124), (136, -116), (179, -119), (222, -109)]]

GRASP_GCG: Tempo: 13.76s, Area: 50.05%, Peças: 19/19, Fecho: 75.0%, Box: 85.0%
Peças GRASP_GCG 2: [[(-29, -144), (-38, -148), (-47, -144), (-200, -139), (-200, -128), (-29, -133)], [(2, -95), (0, -135), (-9, -135), (-9, -128), (-201, -123), (-194, -104), (-141, -89)], [(-171, -74), (-163, -1), (204, -27), (196, -62), (2, -90)], [(7, -99), (14, -97), (14, -93), (24, -93), (24, -99), (57, -100), (57, -111), (49, -118), (40, -117), (39, -110), (18, -110), (17, -112), (7, -110)], [(101, -104), (101, -115), (95, -116), (91, -140), (52, -134), (52, -122), (61, -122), (64, -94), (76, -94), (76, -101)], [(181, -86), (181, -98), (174, -99), (166, -148), (154, -147), (154, -144), (97, -143), (97, -131), (106, -130), (110, -79), (122, -80), (122, -85)], [(-162, 4), (-147, 19), (-149, 73), (81, 82), (221, 46), (214, 4), (199, 19)], [(-170, 17), (-167, 5), (-177, -19), (-176, -48), (-187, -49), (-191, -42), (-197, -40), (-196, -29), (-190, -29), (-183, 20)], [(-175, 86), (-175, 81), (-157, 79), (-154, 74), (-155, 41), (-171, 25), (-185, 23), (-193, 41), (-192, 78), (-184, 81), (-183, 86)], [(25, 111), (18, 88), (9, 88), (9, 95), (-183, 91), (-177, 125), (-141, 124), (-127, 131), (-36, 131)], [(-181, 132), (-184, 160), (-178, 168), (-142, 167), (-142, 165), (-127, 163), (-124, 159), (-119, 158), (-120, 148), (-124, 148), (-127, 142), (-130, 142), (-140, 131), (-177, 130)], [(-128, 182), (-115, 190), (-60, 172), (-64, 136), (-77, 137), (-78, 144), (-104, 147), (-128, 178)], [(-54, 183), (23, 175), (38, 159), (50, 157), (50, 147), (38, 138), (20, 144), (-46, 142), (-47, 136), (-52, 136), (-57, 146), (-57, 157), (-53, 157)], [(112, 83), (100, 83), (100, 89), (46, 85), (46, 97), (54, 112), (54, 154), (73, 150), (119, 155), (119, 143), (112, 143)], [(160, -9), (-14, -6), (-14, 2), (-5, 6), (51, 1), (160, 2)], [(230, 99), (230, 89), (204, 77), (203, 69), (118, 77), (117, 94), (127, 94), (128, 109), (144, 108), (144, 102), (211, 102), (219, 108)], [(116, 189), (127, 190), (127, 178), (148, 160), (152, 114), (138, 113), (138, 120), (118, 118), (117, 134), (126, 134), (127, 169)], [(92, 164), (81, 162), (80, 170), (40, 164), (38, 178), (41, 191), (52, 193), (52, 188), (91, 194), (92, 182), (89, 182), (89, 177), (93, 174)], [(151, 164), (152, 169), (160, 171), (160, 185), (168, 185), (168, 179), (225, 178), (244, 182), (250, 177), (249, 169), (206, 172), (163, 162)]]

GRASP_GCG: Tempo: 16.94s, Area: 49.91%, Peças: 19/19, Fecho: 80.0%, Box: 87.0%
Peças GRASP_GCG 3: [[(-164, -148), (-175, -148), (-176, -141), (-200, -138), (-194, -99), (-182, -99), (-182, -108), (-154, -111), (-154, -122), (-161, -122)], [(-182, -94), (-174, -21), (193, -47), (185, -82), (-9, -110)], [(-146, -110), (-134, -107), (-110, -117), (-81, -116), (-80, -127), (-87, -131), (-89, -137), (-100, -135), (-100, -129), (-149, -123)], [(-75, -129), (-68, -127), (-68, -123), (-58, -123), (-58, -129), (-25, -130), (-25, -141), (-33, -148), (-42, -147), (-43, -140), (-64, -140), (-65, -142), (-75, -140)], [(-174, -16), (-159, -1), (-161, 53), (69, 62), (209, 26), (202, -16), (187, -1)], [(-19, -144), (-20, -133), (-8, -133), (10, -112), (56, -108), (57, -122), (50, -122), (51, -142), (36, -143), (36, -134), (1, -133)], [(76, 89), (69, 66), (60, 66), (60, 73), (-132, 69), (-126, 103), (-90, 102), (-76, 109), (15, 109)], [(-176, 49), (-184, 61), (-166, 116), (-130, 113), (-131, 100), (-138, 99), (-141, 73), (-172, 49)], [(-198, 53), (-193, 52), (-191, 44), (-177, 44), (-178, 36), (-184, 36), (-185, -21), (-181, -40), (-186, -46), (-194, -45), (-191, -2), (-201, 41)], [(-179, 162), (-102, 154), (-87, 138), (-75, 136), (-75, 126), (-87, 117), (-105, 123), (-171, 121), (-172, 115), (-177, 115), (-182, 125), (-182, 136), (-178, 136)], [(-136, 166), (-147, 164), (-148, 172), (-188, 166), (-190, 180), (-187, 193), (-176, 195), (-176, 190), (-137, 196), (-136, 184), (-139, 184), (-139, 179), (-135, 176)], [(-129, 164), (-132, 192), (-126, 200), (-90, 199), (-90, 197), (-75, 195), (-72, 191), (-67, 190), (-68, 180), (-72, 180), (-75, 174), (-78, 174), (-88, 163), (-125, 162)], [(-65, 121), (-65, 133), (-59, 133), (-62, 187), (-50, 187), (-35, 179), (7, 179), (3, 160), (7, 114), (-5, 114), (-5, 121)], [(73, 100), (61, 100), (60, 108), (11, 115), (12, 127), (15, 127), (16, 184), (28, 184), (29, 175), (80, 171), (79, 160), (74, 160)], [(140, -31), (131, -35), (122, -31), (-31, -26), (-31, -15), (140, -20)], [(96, 140), (96, 135), (114, 133), (117, 128), (116, 95), (100, 79), (86, 77), (78, 95), (79, 132), (87, 135), (88, 140)], [(173, -113), (173, -123), (147, -135), (146, -143), (61, -135), (60, -118), (70, -118), (71, -103), (87, -104), (87, -110), (154, -110), (162, -104)], [(-42, 199), (132, 195), (132, 187), (123, 184), (67, 189), (-42, 188)], [(244, -30), (205, -28), (205, -19), (212, -19), (217, 173), (236, 166), (251, 113)]]


Estatísticas GRASP_GCG:
Tempo - Média: 17.48s, Desvio: 3.28s
Área - Média: 49.98%, Desvio: 0.06%
Peças - Média: 19.0, Desvio: 0.0
----------------------------------------------------------------------------------------------------------------------------------------------------------------------------------------------


==============================================================================================================================================================================================
Dimensão: (477, 318)
Máximo: 60%
Tempo pré-processamento NFPs: 270.81s
==============================================================================================================================================================================================

----------------------------------------------------------------------------------------------------------------------------------------------------------------------------------------------
RESULTADOS GRASP_GCG:
GRASP_GCG: Tempo: 138.43s, Area: 59.86%, Peças: 19/19, Fecho: 92.0%, Box: 100.0%
Peças GRASP_GCG 1: [[(-200, -111), (-198, -72), (-189, -72), (-189, -79), (3, -83), (-4, -102), (-57, -118)], [(-171, -63), (-163, 10), (204, -16), (196, -51), (2, -79)], [(-173, -1), (-170, -13), (-180, -37), (-179, -66), (-190, -67), (-194, -60), (-200, -58), (-199, -47), (-193, -47), (-186, 2)], [(5, -87), (12, -85), (12, -81), (22, -81), (22, -87), (55, -88), (55, -99), (47, -106), (38, -105), (37, -98), (16, -98), (15, -100), (5, -98)], [(173, -83), (173, -93), (147, -105), (146, -113), (61, -105), (60, -88), (70, -88), (71, -73), (87, -74), (87, -80), (154, -80), (162, -74)], [(-162, 15), (-147, 30), (-149, 84), (81, 93), (221, 57), (214, 15), (199, 30)], [(-199, 67), (-170, 70), (-162, 64), (-164, 28), (-166, 28), (-168, 13), (-172, 10), (-173, 5), (-183, 6), (-183, 10), (-189, 13), (-189, 16), (-200, 26), (-201, 63)], [(-181, 87), (-180, 92), (-172, 94), (-172, 108), (-164, 108), (-164, 102), (-107, 101), (-88, 105), (-82, 100), (-83, 92), (-126, 95), (-169, 85)], [(201, -93), (209, -16), (225, -1), (227, 11), (237, 11), (246, 0), (240, -18), (242, -84), (248, -85), (248, -90), (238, -96), (227, -96), (227, -91)], [(7, 108), (-2, 104), (-11, 108), (-164, 113), (-164, 124), (7, 119)], [(44, 149), (37, 126), (28, 126), (28, 133), (-164, 129), (-158, 163), (-122, 162), (-108, 169), (-17, 169)], [(17, 97), (16, 108), (28, 108), (46, 129), (92, 133), (93, 119), (86, 119), (87, 99), (72, 98), (72, 107), (37, 108)], [(166, 159), (166, 147), (160, 147), (163, 93), (151, 93), (136, 101), (94, 101), (98, 120), (93, 166), (106, 166), (106, 159)], [(228, 63), (216, 63), (215, 71), (166, 78), (167, 90), (170, 90), (171, 147), (183, 147), (184, 138), (235, 134), (234, 123), (229, 123)], [(229, 15), (221, 27), (239, 82), (275, 79), (274, 66), (267, 65), (264, 39), (233, 15)], [(90, 174), (85, 174), (83, 156), (78, 153), (45, 154), (29, 169), (27, 183), (45, 191), (82, 191), (85, 183), (90, 182)], [(-182, 189), (-8, 185), (-8, 177), (-17, 174), (-73, 179), (-182, 178)], [(-168, 165), (-166, 154), (-174, 153), (-169, 113), (-183, 111), (-196, 114), (-198, 125), (-193, 125), (-199, 164), (-186, 165), (-186, 162), (-181, 162), (-178, 166)], [(207, 151), (196, 151), (195, 158), (171, 161), (177, 200), (189, 200), (189, 191), (217, 188), (217, 177), (210, 177)]]

GRASP_GCG: Tempo: 75.1s, Area: 59.91%, Peças: 19/19, Fecho: 89.0%, Box: 97.0%
Peças GRASP_GCG 2: [[(-138, -118), (-150, -118), (-151, -110), (-200, -103), (-199, -91), (-196, -91), (-195, -34), (-183, -34), (-182, -43), (-131, -47), (-132, -58), (-137, -58)], [(-128, 1), (-125, -28), (-131, -36), (-167, -34), (-167, -32), (-182, -30), (-185, -26), (-190, -25), (-189, -15), (-185, -15), (-182, -9), (-179, -9), (-169, 2), (-132, 3)], [(-122, 76), (-114, 63), (-132, 8), (-168, 11), (-167, 25), (-160, 26), (-157, 52), (-126, 76)], [(-129, -101), (-121, -28), (246, -54), (238, -89), (44, -117)], [(260, 44), (245, 30), (247, -25), (17, -33), (-123, 3), (-116, 45), (-101, 30)], [(80, 109), (78, 69), (69, 69), (69, 76), (-123, 81), (-116, 100), (-63, 115)], [(-180, 47), (-178, 40), (-174, 40), (-174, 30), (-180, 30), (-181, -3), (-192, -3), (-199, 5), (-199, 14), (-192, 15), (-191, 36), (-193, 37), (-191, 47)], [(90, 118), (81, 114), (72, 118), (-81, 123), (-81, 134), (90, 129)], [(-129, 80), (-140, 78), (-141, 86), (-181, 80), (-183, 94), (-180, 107), (-169, 109), (-169, 104), (-130, 110), (-129, 98), (-132, 98), (-132, 93), (-128, 90)], [(-158, 114), (-169, 114), (-170, 121), (-194, 124), (-188, 163), (-176, 163), (-176, 154), (-148, 151), (-148, 140), (-155, 140)], [(-124, 180), (-121, 168), (-131, 144), (-130, 115), (-141, 114), (-145, 121), (-151, 123), (-150, 134), (-144, 134), (-137, 183)], [(151, 44), (139, 44), (139, 50), (85, 46), (85, 58), (93, 73), (93, 115), (112, 111), (158, 116), (158, 104), (151, 104)], [(87, 159), (80, 136), (71, 136), (71, 143), (-121, 139), (-115, 173), (-79, 172), (-65, 179), (26, 179)], [(157, 49), (165, 126), (181, 141), (183, 153), (193, 153), (202, 142), (196, 124), (198, 58), (204, 57), (204, 52), (194, 46), (183, 46), (183, 51)], [(213, 164), (223, 164), (235, 138), (243, 137), (235, 52), (218, 51), (218, 61), (203, 62), (204, 78), (210, 78), (210, 145), (204, 153)], [(47, 183), (-127, 186), (-127, 194), (-118, 198), (-62, 193), (47, 194)], [(108, 184), (108, 179), (126, 177), (129, 172), (128, 139), (112, 123), (98, 121), (90, 139), (91, 176), (99, 179), (100, 184)], [(263, 55), (258, 56), (256, 64), (242, 64), (242, 72), (248, 72), (250, 129), (246, 148), (251, 154), (259, 153), (256, 110), (266, 67)], [(210, 190), (211, 179), (199, 179), (181, 158), (135, 154), (134, 168), (141, 168), (139, 188), (154, 189), (154, 180), (190, 179)]]

GRASP_GCG: Tempo: 15.98s, Area: 59.86%, Peças: 19/19, Fecho: 87.0%, Box: 92.0%
Peças GRASP_GCG 3: [[(-164, -118), (-175, -118), (-176, -111), (-200, -108), (-194, -69), (-182, -69), (-182, -78), (-154, -81), (-154, -92), (-161, -92)], [(-182, -65), (-174, 8), (193, -18), (185, -53), (-9, -81)], [(-146, -80), (-134, -77), (-110, -87), (-81, -86), (-80, -97), (-87, -101), (-89, -107), (-100, -105), (-100, -99), (-149, -93)], [(-26, -111), (-33, -113), (-33, -118), (-43, -118), (-43, -111), (-76, -111), (-76, -100), (-68, -93), (-59, -93), (-58, -100), (-37, -100), (-36, -98), (-26, -100)], [(-174, 13), (-159, 28), (-161, 82), (69, 91), (209, 55), (202, 13), (187, 28)], [(33, -114), (22, -116), (21, -108), (-19, -114), (-21, -100), (-18, -87), (-7, -85), (-7, -90), (32, -84), (33, -96), (30, -96), (30, -101), (34, -104)], [(76, 119), (69, 96), (60, 96), (60, 103), (-132, 99), (-126, 133), (-90, 132), (-76, 139), (15, 139)], [(76, 94), (76, 106), (82, 106), (79, 160), (91, 160), (106, 152), (148, 152), (144, 133), (148, 87), (136, 87), (136, 94)], [(-128, 151), (-126, 190), (-117, 190), (-117, 183), (75, 179), (68, 160), (15, 144)], [(140, -1), (131, -5), (122, -1), (-31, 4), (-31, 15), (140, 10)], [(150, -87), (150, -97), (124, -109), (123, -117), (38, -109), (37, -92), (47, -92), (48, -77), (64, -78), (64, -84), (131, -84), (139, -78)], [(-113, 200), (61, 196), (61, 188), (52, 185), (-4, 190), (-113, 189)], [(212, 113), (200, 113), (199, 121), (150, 128), (151, 140), (154, 140), (155, 197), (167, 197), (168, 188), (219, 184), (218, 173), (213, 173)], [(-141, 177), (-149, 100), (-165, 85), (-167, 73), (-177, 73), (-186, 84), (-180, 102), (-182, 169), (-188, 170), (-188, 175), (-178, 180), (-167, 180), (-167, 176)], [(140, 197), (143, 168), (137, 160), (101, 162), (101, 164), (86, 166), (83, 170), (78, 171), (79, 181), (83, 181), (86, 187), (89, 187), (99, 198), (136, 199)], [(221, 68), (208, 60), (153, 78), (156, 114), (169, 113), (170, 106), (197, 103), (221, 72)], [(213, -76), (208, -76), (206, -94), (201, -97), (168, -96), (152, -81), (150, -67), (168, -59), (205, -59), (208, -67), (213, -68)], [(231, -65), (220, -66), (220, -54), (199, -37), (195, 9), (209, 10), (209, 3), (229, 5), (230, -10), (221, -10), (220, -45)], [(238, 76), (233, 77), (231, 85), (217, 85), (217, 93), (223, 93), (225, 150), (221, 169), (226, 175), (234, 174), (231, 131), (241, 88)]]


Estatísticas GRASP_GCG:
Tempo - Média: 76.5s, Desvio: 50.0s
Área - Média: 59.88%, Desvio: 0.02%
Peças - Média: 19.0, Desvio: 0.0
----------------------------------------------------------------------------------------------------------------------------------------------------------------------------------------------


==============================================================================================================================================================================================
Dimensão: (441, 294)
Máximo: 70%
Tempo pré-processamento NFPs: 270.81s
==============================================================================================================================================================================================

----------------------------------------------------------------------------------------------------------------------------------------------------------------------------------------------
RESULTADOS GRASP_GCG:
