==============================================================================================================================================================================================
RESULTADOS GERAIS: 04/02/2025 12:52
==============================================================================================================================================================================================


||||||||||||||||||||||||||||||||||||||||||||||||||||||||||||||||||||||||||||||||||||||||||||||||||||||||||||||||||||||||||||||||||||||||||||||||||||||||||||||||||||||||||||||||||||||||||||||
Instância: embraer_3274
Data e Hora: 04/02/2025 12:52
Margem: True
{'dimensoes': ['60', '70', '80'], 'algoritmos': {'GCG': 1, 'GRASP': 0, 'GRASP_GCG': 0, 'Random_Key': 0}, 'num_execucoes': 1}
||||||||||||||||||||||||||||||||||||||||||||||||||||||||||||||||||||||||||||||||||||||||||||||||||||||||||||||||||||||||||||||||||||||||||||||||||||||||||||||||||||||||||||||||||||||||||||||


==============================================================================================================================================================================================
Dimensão: (498, 332)
Máximo: 60%
Tempo pré-processamento NFPs: 9.57s
==============================================================================================================================================================================================

----------------------------------------------------------------------------------------------------------------------------------------------------------------------------------------------
RESULTADOS GCG:
GCG: Tempo: 114.8s, Area: 60.02%, Peças: 16/16, Fecho: 89.0%, Box: 96.0%
Peças GCG: [[(-200, -26), (-141, 11), (136, -45), (134, -114), (-81, -132), (-180, -68)], [(-173, 39), (-170, 43), (-123, 37), (-101, 27), (-101, 22), (-110, 17), (-173, 14)], [(-91, 49), (-98, 42), (-169, 48), (-173, 60), (-169, 86), (-160, 88), (-124, 83), (-91, 59)], [(-184, 125), (-175, 136), (-137, 136), (-118, 117), (-118, 97), (-121, 93), (-139, 91), (-182, 94), (-185, 97)], [(-45, 163), (-24, 130), (-32, 36), (-115, 82), (-110, 107), (-91, 139)], [(81, -4), (-15, -9), (-39, 5), (-41, 14), (-16, 59), (23, 79), (35, 80), (81, 8)], [(12, 77), (-19, 77), (-22, 81), (-20, 142), (-17, 145), (3, 142), (18, 124), (21, 87)], [(-184, 196), (-99, 190), (-73, 171), (-74, 157), (-84, 149), (-180, 141)], [(-31, 197), (13, 194), (13, 155), (10, 147), (-31, 152), (-35, 155)], [(19, 181), (71, 178), (79, 145), (79, 101), (31, 99), (17, 145)], [(133, 122), (135, 20), (126, 3), (116, 0), (76, 23), (52, 64), (50, 75), (57, 84)], [(119, 136), (95, 130), (87, 132), (78, 177), (79, 184), (103, 193), (113, 191), (120, 145)], [(167, -132), (145, -128), (141, 158), (167, 161)], [(182, -132), (169, -110), (167, -14), (171, -7), (254, -51), (253, -66), (234, -106)], [(225, -25), (215, -25), (189, 5), (186, 44), (188, 54), (214, 57), (226, 54), (229, -21)], [(276, -132), (259, -128), (256, 158), (269, 163), (280, 158)]]
----------------------------------------------------------------------------------------------------------------------------------------------------------------------------------------------


==============================================================================================================================================================================================
Dimensão: (461, 307)
Máximo: 70%
Tempo pré-processamento NFPs: 9.57s
==============================================================================================================================================================================================

----------------------------------------------------------------------------------------------------------------------------------------------------------------------------------------------
RESULTADOS GCG:
GCG: Tempo: 106.48s, Area: 60.78%, Peças: 14/16, Fecho: 92.0%, Box: 97.0%
Peças GCG: [[(-200, -1), (-141, 36), (136, -20), (134, -89), (-81, -107), (-180, -43)], [(-173, 64), (-170, 68), (-123, 62), (-101, 52), (-101, 47), (-110, 42), (-173, 39)], [(-91, 74), (-98, 67), (-169, 73), (-173, 85), (-169, 111), (-160, 113), (-124, 108), (-91, 84)], [(-89, 30), (-83, 115), (-64, 141), (-50, 141), (-42, 131), (-34, 35)], [(89, 32), (56, 11), (-38, 19), (7, 102), (33, 97), (65, 78)], [(-164, 122), (-164, 132), (-134, 158), (-95, 161), (-85, 159), (-82, 133), (-86, 121), (-161, 118)], [(-42, 188), (10, 185), (18, 152), (18, 108), (-30, 106), (-44, 152)], [(56, 104), (25, 104), (22, 108), (24, 169), (27, 172), (47, 169), (62, 151), (65, 114)], [(104, 133), (80, 127), (72, 129), (63, 174), (64, 181), (88, 190), (98, 188), (105, 142)], [(86, 60), (75, 69), (75, 107), (94, 126), (114, 126), (118, 123), (119, 105), (117, 62), (114, 59)], [(-194, 152), (-191, 196), (-152, 196), (-144, 193), (-149, 152), (-152, 148)], [(154, -107), (141, -85), (139, 11), (143, 18), (226, -26), (225, -41), (206, -81)], [(141, 21), (139, 123), (148, 140), (158, 143), (198, 121), (222, 80), (224, 69), (217, 60)], [(255, -107), (233, -103), (229, 183), (255, 186)]]
----------------------------------------------------------------------------------------------------------------------------------------------------------------------------------------------


==============================================================================================================================================================================================
Dimensão: (431, 287)
Máximo: 80%
Tempo pré-processamento NFPs: 9.57s
==============================================================================================================================================================================================

----------------------------------------------------------------------------------------------------------------------------------------------------------------------------------------------
RESULTADOS GCG:
GCG: Tempo: 92.99s, Area: 64.01%, Peças: 13/16, Fecho: 85.0%, Box: 99.0%
Peças GCG: [[(-200, 19), (-141, 56), (136, 0), (134, -69), (-81, -87), (-180, -23)], [(-173, 84), (-170, 88), (-123, 82), (-101, 72), (-101, 67), (-110, 62), (-173, 59)], [(-91, 94), (-98, 87), (-169, 93), (-173, 105), (-169, 131), (-160, 133), (-124, 128), (-91, 104)], [(23, 66), (-10, 45), (-104, 53), (-59, 136), (-33, 131), (-1, 112)], [(25, 26), (31, 111), (50, 137), (64, 137), (72, 127), (80, 31)], [(-164, 142), (-164, 152), (-134, 178), (-95, 181), (-85, 179), (-82, 153), (-86, 141), (-161, 138)], [(-76, 173), (-67, 184), (-29, 184), (-10, 165), (-10, 145), (-13, 141), (-31, 139), (-74, 142), (-77, 145)], [(27, 119), (-4, 119), (-7, 123), (-5, 184), (-2, 187), (18, 184), (33, 166), (36, 129)], [(84, 141), (40, 144), (40, 183), (43, 191), (84, 187), (88, 184)], [(79, 135), (103, 141), (111, 139), (119, 94), (118, 87), (95, 78), (85, 80), (78, 126)], [(144, -87), (139, 9), (153, 33), (162, 35), (207, 10), (227, -28), (228, -40), (156, -86)], [(214, 36), (162, 39), (153, 72), (154, 116), (202, 118), (216, 72)], [(87, 198), (189, 200), (206, 191), (209, 181), (186, 141), (145, 117), (134, 115), (125, 122)]]
----------------------------------------------------------------------------------------------------------------------------------------------------------------------------------------------


||||||||||||||||||||||||||||||||||||||||||||||||||||||||||||||||||||||||||||||||||||||||||||||||||||||||||||||||||||||||||||||||||||||||||||||||||||||||||||||||||||||||||||||||||||||||||||||
Instância: embraer_3153
Data e Hora: 04/02/2025 12:52
Margem: True
{'dimensoes': ['60', '70', '80'], 'algoritmos': {'GCG': 1, 'GRASP': 0, 'GRASP_GCG': 0, 'Random_Key': 0}, 'num_execucoes': 1}
||||||||||||||||||||||||||||||||||||||||||||||||||||||||||||||||||||||||||||||||||||||||||||||||||||||||||||||||||||||||||||||||||||||||||||||||||||||||||||||||||||||||||||||||||||||||||||||


==============================================================================================================================================================================================
Dimensão: (505, 336)
Máximo: 60%
Tempo pré-processamento NFPs: 19.13s
==============================================================================================================================================================================================

----------------------------------------------------------------------------------------------------------------------------------------------------------------------------------------------
RESULTADOS GCG:
GCG: Tempo: 141.22s, Area: 60.19%, Peças: 17/17, Fecho: 82.0%, Box: 98.0%
Peças GCG: [[(-200, -132), (-196, -115), (90, -111), (95, -124), (90, -136)], [(93, -84), (89, -106), (-197, -110), (-200, -84)], [(91, 71), (93, -80), (-85, -79), (-123, -51), (-120, -34), (35, 63)], [(-127, -45), (-127, -76), (-131, -79), (-192, -77), (-195, -74), (-192, -54), (-174, -39), (-137, -36)], [(-200, -29), (-200, -19), (-170, 7), (-131, 10), (-121, 8), (-118, -18), (-122, -30), (-197, -33)], [(-83, 36), (-85, 21), (-90, 15), (-177, 15), (-181, 22), (-179, 29), (-90, 45)], [(-173, 55), (-169, 96), (35, 89), (35, 68), (-23, 50), (-168, 50)], [(-178, 34), (-199, 34), (-199, 67), (-183, 67), (-178, 62)], [(-169, 101), (-162, 141), (-19, 143), (38, 125), (35, 101)], [(-196, 121), (-178, 121), (-175, 118), (-176, 75), (-179, 72), (-197, 72), (-199, 75), (-199, 118)], [(77, 163), (84, 156), (78, 85), (66, 81), (40, 85), (38, 94), (43, 131), (67, 163)], [(46, 143), (-39, 149), (-65, 168), (-65, 182), (-55, 190), (42, 198)], [(-180, 157), (-180, 172), (-156, 189), (-68, 189), (-72, 149), (-168, 146)], [(98, -136), (114, 10), (182, 79), (224, -131)], [(133, 94), (144, 85), (144, 47), (125, 28), (105, 28), (101, 31), (99, 49), (102, 92), (105, 95)], [(159, 98), (107, 101), (98, 134), (99, 178), (147, 180), (161, 134)], [(225, -136), (225, -68), (228, -65), (297, -79), (294, -136)]]
----------------------------------------------------------------------------------------------------------------------------------------------------------------------------------------------


==============================================================================================================================================================================================
Dimensão: (467, 312)
Máximo: 70%
Tempo pré-processamento NFPs: 19.13s
==============================================================================================================================================================================================

----------------------------------------------------------------------------------------------------------------------------------------------------------------------------------------------
RESULTADOS GCG:
GCG: Tempo: 140.09s, Area: 64.01%, Peças: 15/17, Fecho: 85.0%, Box: 88.0%
Peças GCG: [[(-200, -108), (-196, -91), (90, -87), (95, -100), (90, -112)], [(93, -60), (89, -82), (-197, -86), (-200, -60)], [(91, 95), (93, -56), (-85, -55), (-123, -27), (-120, -10), (35, 87)], [(-127, -21), (-127, -52), (-131, -55), (-192, -53), (-195, -50), (-192, -30), (-174, -15), (-137, -12)], [(-200, -5), (-200, 5), (-170, 31), (-131, 34), (-121, 32), (-118, 6), (-122, -6), (-197, -9)], [(-83, 60), (-85, 45), (-90, 39), (-177, 39), (-181, 46), (-179, 53), (-90, 69)], [(-173, 79), (-169, 120), (35, 113), (35, 92), (-23, 74), (-168, 74)], [(-178, 58), (-199, 58), (-199, 91), (-183, 91), (-178, 86)], [(-169, 125), (-162, 165), (-19, 167), (38, 149), (35, 125)], [(74, 163), (85, 154), (85, 116), (66, 97), (46, 97), (42, 100), (40, 118), (43, 161), (46, 164)], [(-196, 145), (-178, 145), (-175, 142), (-176, 99), (-179, 96), (-197, 96), (-199, 99), (-199, 142)], [(98, -112), (114, 34), (182, 103), (224, -107)], [(134, 72), (127, 78), (133, 149), (145, 153), (171, 149), (173, 140), (168, 104), (144, 71)], [(255, 99), (249, 14), (230, -12), (216, -12), (208, -2), (200, 95)], [(176, 108), (179, 160), (212, 169), (256, 169), (258, 121), (212, 106)]]
----------------------------------------------------------------------------------------------------------------------------------------------------------------------------------------------


==============================================================================================================================================================================================
Dimensão: (437, 291)
Máximo: 80%
Tempo pré-processamento NFPs: 19.13s
==============================================================================================================================================================================================

----------------------------------------------------------------------------------------------------------------------------------------------------------------------------------------------
RESULTADOS GCG:
GCG: Tempo: 125.72s, Area: 66.02%, Peças: 13/17, Fecho: 85.0%, Box: 93.0%
Peças GCG: [[(-200, -87), (-196, -70), (90, -66), (95, -79), (90, -91)], [(93, -39), (89, -61), (-197, -65), (-200, -39)], [(91, 116), (93, -35), (-85, -34), (-123, -6), (-120, 11), (35, 108)], [(-127, -1), (-127, -32), (-131, -35), (-192, -33), (-195, -30), (-192, -10), (-174, 5), (-137, 8)], [(-200, 16), (-200, 26), (-170, 52), (-131, 55), (-121, 53), (-118, 27), (-122, 15), (-197, 12)], [(-83, 81), (-85, 66), (-90, 60), (-177, 60), (-181, 67), (-179, 74), (-90, 90)], [(-173, 100), (-169, 141), (35, 134), (35, 113), (-23, 95), (-168, 95)], [(-178, 79), (-199, 79), (-199, 112), (-183, 112), (-178, 107)], [(-169, 146), (-162, 186), (-19, 188), (38, 170), (35, 146)], [(74, 184), (85, 175), (85, 137), (66, 118), (46, 118), (42, 121), (40, 139), (43, 182), (46, 185)], [(-196, 166), (-178, 166), (-175, 163), (-176, 120), (-179, 117), (-197, 117), (-199, 120), (-199, 163)], [(98, -91), (114, 55), (182, 124), (224, -86)], [(134, 93), (127, 99), (133, 170), (145, 174), (171, 170), (173, 161), (168, 125), (144, 92)]]
----------------------------------------------------------------------------------------------------------------------------------------------------------------------------------------------


||||||||||||||||||||||||||||||||||||||||||||||||||||||||||||||||||||||||||||||||||||||||||||||||||||||||||||||||||||||||||||||||||||||||||||||||||||||||||||||||||||||||||||||||||||||||||||||
Instância: embraer_3089
Data e Hora: 04/02/2025 12:52
Margem: True
{'dimensoes': ['60', '70', '80'], 'algoritmos': {'GCG': 1, 'GRASP': 0, 'GRASP_GCG': 0, 'Random_Key': 0}, 'num_execucoes': 1}
||||||||||||||||||||||||||||||||||||||||||||||||||||||||||||||||||||||||||||||||||||||||||||||||||||||||||||||||||||||||||||||||||||||||||||||||||||||||||||||||||||||||||||||||||||||||||||||


==============================================================================================================================================================================================
Dimensão: (549, 366)
Máximo: 60%
Tempo pré-processamento NFPs: 13.17s
==============================================================================================================================================================================================

----------------------------------------------------------------------------------------------------------------------------------------------------------------------------------------------
RESULTADOS GCG:
GCG: Tempo: 115.74s, Area: 60.02%, Peças: 18/18, Fecho: 83.0%, Box: 94.0%
Peças GCG: [[(6, -158), (-2, -166), (-193, -163), (-200, -154), (-200, -118), (-193, -111), (0, -118), (7, -125)], [(-8, -106), (-14, -112), (-192, -106), (-192, -74), (-8, -69)], [(-198, -30), (-8, -30), (-8, -64), (-198, -68)], [(-8, 5), (-8, -25), (-194, -23), (-192, 2)], [(-193, 6), (-190, 53), (-52, 38), (-53, 11)], [(-51, 43), (-170, 56), (-171, 103), (-51, 104)], [(-4, 107), (-4, 10), (-48, 9), (-42, 107)], [(-177, 181), (-171, 185), (-67, 184), (-45, 157), (-48, 128), (-66, 109), (-171, 108), (-177, 114)], [(-4, 112), (-16, 112), (-40, 137), (-40, 180), (-38, 182), (-8, 180), (-2, 138), (-1, 114)], [(238, -166), (10, -166), (9, -56), (238, -104)], [(73, -13), (132, 12), (189, 12), (199, -12), (199, -52), (190, -76), (125, -76), (74, -47)], [(9, -51), (9, 17), (57, 18), (58, -50)], [(162, 28), (155, 22), (57, 22), (49, 29), (49, 67), (59, 74), (156, 81), (162, 74)], [(24, 83), (24, 143), (46, 165), (86, 165), (108, 143), (107, 83)], [(164, 86), (113, 87), (113, 176), (161, 174)], [(215, 105), (215, 18), (168, 17), (170, 105)], [(168, 200), (180, 200), (204, 175), (204, 132), (202, 130), (172, 132), (166, 175), (165, 199)], [(263, -166), (255, -153), (240, -40), (250, -32), (309, -33), (316, -40), (316, -154), (309, -166)]]
----------------------------------------------------------------------------------------------------------------------------------------------------------------------------------------------


==============================================================================================================================================================================================
Dimensão: (508, 338)
Máximo: 70%
Tempo pré-processamento NFPs: 13.17s
==============================================================================================================================================================================================

----------------------------------------------------------------------------------------------------------------------------------------------------------------------------------------------
RESULTADOS GCG:
GCG: Tempo: 109.47s, Area: 70.2%, Peças: 18/18, Fecho: 94.0%, Box: 99.0%
Peças GCG: [[(29, -138), (-199, -138), (-200, -28), (29, -76)], [(-135, 15), (-76, 40), (-19, 40), (-9, 16), (-9, -24), (-18, -48), (-83, -48), (-134, -19)], [(-199, -23), (-199, 45), (-151, 46), (-150, -22)], [(-199, 49), (-196, 96), (-58, 81), (-59, 54)], [(-58, 86), (-177, 99), (-178, 146), (-58, 147)], [(-2, 45), (-53, 46), (-53, 135), (-5, 133)], [(-58, 152), (-155, 152), (-156, 196), (-58, 190)], [(-53, 148), (-53, 160), (-28, 184), (15, 184), (17, 182), (15, 152), (-28, 146), (-52, 145)], [(237, -130), (229, -138), (38, -135), (31, -126), (31, -90), (38, -83), (231, -90), (238, -97)], [(222, -78), (216, -84), (38, -78), (38, -46), (222, -41)], [(32, -2), (222, -2), (222, -36), (32, -40)], [(32, 2), (32, 32), (218, 30), (216, 5)], [(224, 40), (218, 35), (114, 37), (92, 63), (95, 92), (113, 111), (218, 113), (224, 107)], [(51, 107), (63, 107), (87, 82), (87, 39), (85, 37), (55, 39), (49, 82), (48, 106)], [(59, 166), (66, 172), (164, 172), (172, 165), (171, 127), (161, 120), (65, 113), (59, 120)], [(240, -138), (240, -51), (287, -50), (285, -138)], [(282, 88), (290, 76), (305, -38), (295, -46), (236, -45), (229, -37), (229, 77), (236, 88)], [(261, 200), (261, 140), (239, 118), (199, 119), (177, 141), (178, 200)]]
----------------------------------------------------------------------------------------------------------------------------------------------------------------------------------------------


==============================================================================================================================================================================================
Dimensão: (475, 317)
Máximo: 80%
Tempo pré-processamento NFPs: 13.17s
==============================================================================================================================================================================================

----------------------------------------------------------------------------------------------------------------------------------------------------------------------------------------------
RESULTADOS GCG:
GCG: Tempo: 94.79s, Area: 69.91%, Peças: 16/18, Fecho: 91.0%, Box: 100.0%
Peças GCG: [[(6, -109), (-2, -117), (-193, -114), (-200, -105), (-200, -69), (-193, -62), (0, -69), (7, -76)], [(-8, -57), (-14, -63), (-192, -57), (-192, -25), (-8, -20)], [(-198, 18), (-8, 18), (-8, -16), (-198, -20)], [(-8, 53), (-8, 23), (-194, 25), (-192, 50)], [(-193, 55), (-190, 102), (-52, 87), (-53, 60)], [(-51, 92), (-170, 105), (-171, 152), (-51, 153)], [(5, 58), (-46, 59), (-46, 148), (2, 146)], [(-99, 199), (-2, 199), (-2, 155), (-99, 161)], [(-125, 194), (-125, 182), (-150, 158), (-193, 158), (-195, 160), (-193, 190), (-150, 196), (-126, 197)], [(238, -117), (10, -117), (9, -7), (238, -55)], [(73, 36), (132, 61), (189, 61), (199, 37), (199, -3), (190, -27), (125, -27), (74, 2)], [(9, -2), (9, 66), (57, 67), (58, -1)], [(167, 74), (161, 69), (57, 71), (35, 97), (38, 126), (56, 145), (161, 147), (167, 141)], [(172, 66), (172, 153), (219, 154), (217, 66)], [(9, 149), (9, 161), (34, 185), (77, 185), (79, 183), (77, 153), (34, 147), (10, 146)], [(269, 64), (275, 57), (275, -41), (268, -49), (230, -49), (223, -39), (216, 58), (223, 64)]]
----------------------------------------------------------------------------------------------------------------------------------------------------------------------------------------------


||||||||||||||||||||||||||||||||||||||||||||||||||||||||||||||||||||||||||||||||||||||||||||||||||||||||||||||||||||||||||||||||||||||||||||||||||||||||||||||||||||||||||||||||||||||||||||||
Instância: embraer_3086
Data e Hora: 04/02/2025 12:52
Margem: True
{'dimensoes': ['60', '70', '80'], 'algoritmos': {'GCG': 1, 'GRASP': 0, 'GRASP_GCG': 0, 'Random_Key': 0}, 'num_execucoes': 1}
||||||||||||||||||||||||||||||||||||||||||||||||||||||||||||||||||||||||||||||||||||||||||||||||||||||||||||||||||||||||||||||||||||||||||||||||||||||||||||||||||||||||||||||||||||||||||||||


==============================================================================================================================================================================================
Dimensão: (576, 384)
Máximo: 60%
Tempo pré-processamento NFPs: 22.57s
==============================================================================================================================================================================================

----------------------------------------------------------------------------------------------------------------------------------------------------------------------------------------------
RESULTADOS GCG:
GCG: Tempo: 150.03s, Area: 59.9%, Peças: 17/17, Fecho: 88.0%, Box: 90.0%
Peças GCG: [[(-200, -110), (-21, -92), (87, -97), (179, -116), (191, -162), (176, -174), (-199, -184)], [(-174, -74), (-171, -70), (-124, -76), (-102, -86), (-102, -91), (-111, -96), (-174, -99)], [(37, -32), (33, -73), (-171, -65), (-171, -44), (-113, -27), (32, -27)], [(-41, -8), (-64, -21), (-160, -23), (-167, -19), (-123, 64), (-108, 63), (-67, 44)], [(-161, 71), (-150, 62), (-150, 24), (-169, 5), (-189, 5), (-193, 8), (-195, 26), (-192, 69), (-189, 72)], [(-129, 96), (-129, 80), (-132, 77), (-189, 77), (-189, 86), (-162, 116), (-148, 116)], [(-166, 120), (-197, 120), (-200, 124), (-198, 185), (-195, 188), (-175, 185), (-160, 167), (-157, 130)], [(-122, 68), (-127, 164), (-113, 188), (-104, 190), (-59, 165), (-39, 127), (-38, 115), (-110, 69)], [(-26, -17), (-47, 16), (-39, 110), (44, 65), (39, 40), (20, 8)], [(42, -68), (40, 34), (49, 51), (59, 54), (99, 32), (123, -9), (125, -20), (118, -29)], [(-3, 134), (-27, 128), (-35, 130), (-44, 175), (-43, 182), (-19, 191), (-9, 189), (-2, 143)], [(1, 137), (45, 134), (45, 95), (42, 87), (1, 92), (-3, 95)], [(50, 134), (122, 126), (122, 59), (119, 50), (50, 60)], [(154, -105), (132, -101), (128, 185), (154, 188)], [(163, 185), (180, 181), (183, -105), (170, -110), (159, -105)], [(289, 190), (270, -184), (230, -182), (196, -40), (208, 187)], [(331, -184), (291, -177), (290, -34), (308, 23), (332, 20)]]
----------------------------------------------------------------------------------------------------------------------------------------------------------------------------------------------


==============================================================================================================================================================================================
Dimensão: (533, 355)
Máximo: 70%
Tempo pré-processamento NFPs: 22.57s
==============================================================================================================================================================================================

----------------------------------------------------------------------------------------------------------------------------------------------------------------------------------------------
RESULTADOS GCG:
GCG: Tempo: 142.7s, Area: 54.29%, Peças: 16/17, Fecho: 77.0%, Box: 92.0%
Peças GCG: [[(174, -155), (-200, -137), (-198, -97), (-56, -62), (171, -74)], [(-191, -53), (-188, -49), (-141, -55), (-119, -65), (-119, -70), (-128, -75), (-191, -78)], [(-188, -44), (-184, -27), (102, -23), (107, -36), (102, -48)], [(105, 3), (101, -19), (-185, -23), (-188, 3)], [(-142, 8), (-135, 48), (8, 50), (65, 32), (62, 8)], [(-192, 12), (-189, 56), (-150, 56), (-142, 53), (-147, 12), (-150, 8)], [(8, 96), (4, 55), (-200, 63), (-200, 84), (-142, 101), (3, 101)], [(-70, 120), (-93, 107), (-189, 105), (-196, 109), (-152, 192), (-137, 191), (-96, 172)], [(-47, 120), (-63, 120), (-66, 123), (-66, 180), (-57, 180), (-27, 153), (-27, 139)], [(10, 106), (-21, 106), (-24, 110), (-22, 171), (-19, 174), (1, 171), (16, 153), (19, 116)], [(54, 55), (30, 49), (22, 51), (13, 96), (14, 103), (38, 112), (48, 110), (55, 64)], [(24, 193), (96, 185), (96, 118), (93, 109), (24, 119)], [(129, 122), (150, 89), (142, -5), (59, 41), (64, 66), (83, 98)], [(112, 128), (101, 137), (101, 175), (120, 194), (140, 194), (144, 191), (145, 173), (143, 130), (140, 127)], [(300, -153), (198, -155), (181, -146), (178, -136), (200, -96), (242, -72), (253, -70), (262, -77)], [(186, -93), (181, 3), (195, 27), (204, 29), (249, 4), (269, -34), (270, -46), (198, -92)]]
----------------------------------------------------------------------------------------------------------------------------------------------------------------------------------------------


==============================================================================================================================================================================================
Dimensão: (499, 332)
Máximo: 80%
Tempo pré-processamento NFPs: 22.57s
==============================================================================================================================================================================================

----------------------------------------------------------------------------------------------------------------------------------------------------------------------------------------------
RESULTADOS GCG:
GCG: Tempo: 133.94s, Area: 60.03%, Peças: 15/17, Fecho: 94.0%, Box: 99.0%
Peças GCG: [[(-200, -58), (-21, -40), (87, -45), (179, -64), (191, -110), (176, -122), (-199, -132)], [(-174, -22), (-171, -18), (-124, -24), (-102, -34), (-102, -39), (-111, -44), (-174, -47)], [(37, 19), (33, -22), (-171, -14), (-171, 7), (-113, 24), (32, 24)], [(-41, 43), (-64, 30), (-160, 28), (-167, 32), (-123, 115), (-108, 114), (-67, 95)], [(-161, 123), (-150, 114), (-150, 76), (-169, 57), (-189, 57), (-193, 60), (-195, 78), (-192, 121), (-189, 124)], [(-129, 148), (-129, 132), (-132, 129), (-189, 129), (-189, 138), (-162, 168), (-148, 168)], [(-90, 120), (-121, 120), (-124, 124), (-122, 185), (-119, 188), (-99, 185), (-84, 167), (-81, 130)], [(-74, 149), (-30, 146), (-30, 107), (-33, 99), (-74, 104), (-78, 107)], [(76, 49), (-20, 44), (-44, 58), (-46, 67), (-21, 112), (18, 132), (30, 133), (76, 61)], [(162, -22), (129, -43), (35, -35), (80, 48), (106, 43), (138, 24)], [(-76, 156), (-82, 179), (-80, 187), (-35, 196), (-28, 195), (-19, 172), (-21, 162), (-67, 154)], [(114, 199), (116, 97), (107, 80), (97, 77), (57, 100), (33, 141), (31, 152), (38, 161)], [(267, -132), (195, -124), (195, -57), (198, -48), (267, -57)], [(268, -52), (228, -45), (227, 98), (245, 155), (269, 152)], [(296, -132), (274, -128), (270, 158), (296, 161)]]
----------------------------------------------------------------------------------------------------------------------------------------------------------------------------------------------


||||||||||||||||||||||||||||||||||||||||||||||||||||||||||||||||||||||||||||||||||||||||||||||||||||||||||||||||||||||||||||||||||||||||||||||||||||||||||||||||||||||||||||||||||||||||||||||
Instância: embraer_2338
Data e Hora: 04/02/2025 12:52
Margem: True
{'dimensoes': ['60', '70', '80'], 'algoritmos': {'GCG': 1, 'GRASP': 0, 'GRASP_GCG': 0, 'Random_Key': 0}, 'num_execucoes': 1}
||||||||||||||||||||||||||||||||||||||||||||||||||||||||||||||||||||||||||||||||||||||||||||||||||||||||||||||||||||||||||||||||||||||||||||||||||||||||||||||||||||||||||||||||||||||||||||||


==============================================================================================================================================================================================
Dimensão: (613, 409)
Máximo: 60%
Tempo pré-processamento NFPs: 65.86s
==============================================================================================================================================================================================

----------------------------------------------------------------------------------------------------------------------------------------------------------------------------------------------
RESULTADOS GCG:
GCG: Tempo: 214.87s, Area: 60.09%, Peças: 19/19, Fecho: 80.0%, Box: 88.0%
Peças GCG: [[(174, -209), (-200, -191), (-198, -151), (-56, -116), (171, -128)], [(-128, -108), (-128, -129), (-161, -129), (-161, -113), (-156, -108)], [(-135, -84), (39, -85), (39, -101), (35, -105), (-129, -103)], [(-175, -71), (-171, -74), (-178, -121), (-188, -143), (-193, -143), (-198, -134), (-200, -71)], [(46, -59), (-188, -66), (-192, 55), (-79, 71), (30, -12)], [(-199, 67), (-197, 82), (-192, 88), (-105, 89), (-101, 82), (-103, 75), (-192, 58)], [(-96, 105), (-105, 94), (-193, 101), (-197, 116), (-192, 168), (-179, 172), (-143, 158), (-96, 111)], [(-86, 75), (-93, 81), (-87, 152), (-75, 156), (-49, 152), (-47, 143), (-52, 107), (-76, 74)], [(-41, 127), (-31, 127), (-5, 97), (-2, 58), (-4, 48), (-30, 45), (-42, 48), (-45, 124)], [(0, 16), (6, 101), (25, 127), (39, 127), (47, 117), (55, 21)], [(158, 15), (160, -105), (51, -105), (50, 16)], [(-160, 182), (-158, 187), (-51, 194), (-43, 172), (-50, 167), (-160, 171)], [(-43, 163), (-38, 174), (-12, 197), (-2, 197), (55, 165), (55, 159), (31, 132), (-14, 133), (-43, 156)], [(65, 162), (80, 162), (97, 138), (97, 50), (57, 53), (54, 150)], [(174, 18), (102, 26), (102, 93), (105, 102), (174, 93)], [(171, 190), (174, 182), (171, 115), (105, 107), (102, 116), (102, 183)], [(197, -209), (180, -30), (185, 78), (204, 170), (250, 182), (262, 167), (271, -208)], [(327, -209), (289, -206), (272, -173), (272, -126), (292, -90), (325, -91), (346, -125), (346, -173)], [(284, -89), (275, -86), (275, 85), (295, 81), (296, -84)]]
----------------------------------------------------------------------------------------------------------------------------------------------------------------------------------------------


==============================================================================================================================================================================================
Dimensão: (568, 378)
Máximo: 70%
Tempo pré-processamento NFPs: 65.86s
==============================================================================================================================================================================================

----------------------------------------------------------------------------------------------------------------------------------------------------------------------------------------------
RESULTADOS GCG:
GCG: Tempo: 194.09s, Area: 56.2%, Peças: 18/19, Fecho: 76.0%, Box: 83.0%
Peças GCG: [[(174, -178), (-200, -160), (-198, -120), (-56, -85), (171, -97)], [(-128, -77), (-128, -98), (-161, -98), (-161, -82), (-156, -77)], [(-135, -53), (39, -54), (39, -70), (35, -74), (-129, -72)], [(-175, -40), (-171, -43), (-178, -90), (-188, -112), (-193, -112), (-198, -103), (-200, -40)], [(46, -28), (-188, -35), (-192, 86), (-79, 102), (30, 19)], [(-199, 98), (-197, 113), (-192, 119), (-105, 120), (-101, 113), (-103, 106), (-192, 89)], [(-98, 132), (-105, 125), (-176, 131), (-180, 143), (-176, 169), (-167, 171), (-131, 166), (-98, 142)], [(6, 111), (-3, 100), (-91, 107), (-95, 122), (-90, 174), (-77, 178), (-41, 164), (6, 117)], [(76, 67), (71, 56), (45, 33), (35, 32), (-22, 64), (-22, 70), (2, 97), (47, 97), (76, 74)], [(53, -86), (51, 33), (160, 34), (161, -87)], [(78, 37), (84, 122), (103, 148), (117, 148), (125, 138), (133, 42)], [(78, 198), (81, 190), (78, 123), (12, 115), (9, 124), (9, 191)], [(143, 40), (138, 43), (131, 149), (153, 157), (158, 150), (154, 41)], [(167, 192), (167, 182), (137, 156), (98, 153), (88, 155), (85, 181), (88, 193), (164, 196)], [(233, -178), (195, -175), (178, -142), (178, -95), (198, -59), (231, -60), (252, -94), (252, -142)], [(199, 56), (214, 56), (231, 32), (231, -56), (191, -53), (188, 44)], [(251, 57), (179, 65), (179, 132), (182, 141), (251, 132)], [(266, -4), (275, -7), (275, -178), (255, -174), (254, -9)]]
----------------------------------------------------------------------------------------------------------------------------------------------------------------------------------------------


==============================================================================================================================================================================================
Dimensão: (531, 354)
Máximo: 80%
Tempo pré-processamento NFPs: 65.86s
==============================================================================================================================================================================================

----------------------------------------------------------------------------------------------------------------------------------------------------------------------------------------------
RESULTADOS GCG:
GCG: Tempo: 185.26s, Area: 65.65%, Peças: 18/19, Fecho: 92.0%, Box: 97.0%
Peças GCG: [[(-200, -80), (-21, -62), (87, -67), (179, -86), (191, -132), (176, -144), (-199, -154)], [(-174, -44), (-171, -40), (-124, -46), (-102, -56), (-102, -61), (-111, -66), (-174, -69)], [(-179, -72), (-200, -72), (-200, -39), (-184, -39), (-179, -44)], [(-189, -15), (-15, -16), (-15, -32), (-19, -36), (-183, -34)], [(43, -3), (-191, -10), (-195, 111), (-82, 127), (27, 44)], [(-108, 158), (-108, 148), (-138, 122), (-177, 119), (-187, 121), (-190, 147), (-187, 159), (-111, 162)], [(-195, 173), (-193, 188), (-188, 194), (-101, 195), (-97, 188), (-99, 181), (-188, 164)], [(-21, 133), (-28, 126), (-99, 132), (-103, 144), (-99, 170), (-90, 172), (-54, 167), (-21, 143)], [(-37, 106), (-32, 117), (-6, 140), (4, 140), (61, 108), (61, 102), (37, 75), (-8, 76), (-37, 99)], [(49, 47), (169, 49), (169, -60), (48, -61)], [(60, 54), (68, 126), (135, 126), (144, 123), (134, 54)], [(66, 141), (-19, 147), (-45, 166), (-45, 180), (-35, 188), (62, 196)], [(182, 163), (182, 148), (158, 131), (70, 131), (73, 171), (170, 174)], [(297, -143), (288, -154), (200, -147), (196, -132), (201, -80), (214, -76), (250, -90), (297, -137)], [(232, 39), (270, 36), (287, 3), (286, -44), (267, -80), (234, -79), (213, -45), (213, 3)], [(264, 123), (267, 115), (264, 48), (198, 40), (195, 49), (195, 116)], [(285, 155), (290, 153), (297, 46), (275, 38), (270, 45), (274, 155)], [(311, 20), (320, 17), (320, -154), (300, -150), (299, 15)]]
----------------------------------------------------------------------------------------------------------------------------------------------------------------------------------------------


||||||||||||||||||||||||||||||||||||||||||||||||||||||||||||||||||||||||||||||||||||||||||||||||||||||||||||||||||||||||||||||||||||||||||||||||||||||||||||||||||||||||||||||||||||||||||||||
Instância: embraer_610
Data e Hora: 04/02/2025 12:52
Margem: True
{'dimensoes': ['60', '70', '80'], 'algoritmos': {'GCG': 1, 'GRASP': 0, 'GRASP_GCG': 0, 'Random_Key': 0}, 'num_execucoes': 1}
||||||||||||||||||||||||||||||||||||||||||||||||||||||||||||||||||||||||||||||||||||||||||||||||||||||||||||||||||||||||||||||||||||||||||||||||||||||||||||||||||||||||||||||||||||||||||||||


==============================================================================================================================================================================================
Dimensão: (461, 307)
Máximo: 60%
Tempo pré-processamento NFPs: 334.2s
==============================================================================================================================================================================================

----------------------------------------------------------------------------------------------------------------------------------------------------------------------------------------------
RESULTADOS GCG:
GCG: Tempo: 431.94s, Area: 54.91%, Peças: 14/15, Fecho: 90.0%, Box: 97.0%
Peças GCG: [[(-8, -92), (-15, -93), (-16, -107), (-23, -107), (-24, -99), (-111, -97), (-199, -101), (-199, -86), (-191, -86), (-191, -75), (-177, -75), (-177, -81), (-8, -78)], [(-185, 17), (-167, 17), (-167, 12), (-66, 8), (-72, -74), (-90, -75), (-90, -67), (-192, -64), (-192, -47), (-185, -47)], [(-82, 17), (-94, 15), (-113, 38), (-126, 34), (-130, 19), (-166, 22), (-166, 32), (-176, 37), (-199, 36), (-194, 113), (-170, 110), (-160, 124), (-118, 112), (-112, 89), (-88, 82)], [(-200, -41), (-200, -32), (-195, -32), (-191, -37), (-191, -41)], [(-195, 135), (-177, 137), (-174, 156), (-158, 154), (-157, 150), (-133, 149), (-126, 152), (-119, 149), (-120, 132), (-143, 135), (-171, 125), (-175, 119), (-191, 120)], [(-31, 134), (-10, 118), (-10, 107), (-24, 106), (-20, -58), (-28, -73), (-42, -73), (-43, -58), (-49, -67), (-65, -58), (-65, -44), (-50, -43), (-48, 1), (-58, 13), (-33, 26), (-37, 59), (-48, 53), (-60, 65), (-60, 80), (-45, 79), (-43, 115), (-52, 122)], [(-98, 199), (-85, 199), (-84, 194), (-71, 198), (-64, 193), (-63, 177), (-58, 172), (-65, 160), (-59, 127), (-71, 102), (-82, 102), (-82, 108), (-88, 109), (-92, 127), (-115, 128), (-113, 148), (-122, 178), (-119, 185), (-100, 186)], [(172, -100), (162, -107), (-6, -106), (-5, -75), (7, -75), (7, -82), (171, -79)], [(94, -75), (80, -75), (80, -69), (-5, -70), (-5, -54), (2, -54), (3, 23), (17, 23), (18, 15), (71, 13), (90, -14), (102, -15), (102, -26), (95, -26)], [(122, 21), (110, 21), (110, 28), (2, 27), (10, 109), (22, 109), (22, 102), (129, 104), (129, 92), (122, 91)], [(129, 109), (112, 109), (111, 115), (8, 119), (8, 136), (13, 136), (10, 198), (27, 199), (27, 190), (136, 187), (136, 169), (129, 169)], [(173, -107), (173, -95), (180, -94), (181, -26), (192, -26), (193, -31), (250, -28), (250, -40), (242, -40), (239, -102)], [(238, -24), (223, -25), (223, -10), (193, -9), (193, 5), (208, 4), (208, 69), (198, 76), (208, 81), (208, 89), (223, 89), (222, 74), (234, 81), (246, 74), (246, 60), (232, 61), (237, -5), (247, -7)], [(160, 169), (179, 169), (180, 163), (192, 165), (203, 153), (222, 153), (222, 141), (216, 141), (215, 99), (200, 98), (196, 91), (189, 46), (158, 52), (159, 94), (147, 111), (134, 111), (134, 122), (139, 123), (140, 159), (159, 158)]]
----------------------------------------------------------------------------------------------------------------------------------------------------------------------------------------------


==============================================================================================================================================================================================
Dimensão: (426, 284)
Máximo: 70%
Tempo pré-processamento NFPs: 334.2s
==============================================================================================================================================================================================

----------------------------------------------------------------------------------------------------------------------------------------------------------------------------------------------
RESULTADOS GCG:
GCG: Tempo: 433.2s, Area: 60.56%, Peças: 13/15, Fecho: 92.0%, Box: 96.0%
Peças GCG: [[(-8, -69), (-15, -70), (-16, -84), (-23, -84), (-24, -76), (-111, -74), (-199, -78), (-199, -63), (-191, -63), (-191, -52), (-177, -52), (-177, -58), (-8, -55)], [(-185, 40), (-167, 40), (-167, 35), (-66, 31), (-72, -51), (-90, -52), (-90, -44), (-192, -41), (-192, -24), (-185, -24)], [(-82, 40), (-94, 38), (-113, 61), (-126, 57), (-130, 42), (-166, 45), (-166, 55), (-176, 60), (-199, 59), (-194, 136), (-170, 133), (-160, 147), (-118, 135), (-112, 112), (-88, 105)], [(-40, 128), (-34, 118), (-34, -50), (-66, -49), (-66, -37), (-59, -37), (-61, 127)], [(-200, -18), (-200, -9), (-195, -9), (-191, -14), (-191, -18)], [(-37, 174), (-37, 161), (-42, 160), (-38, 147), (-43, 140), (-59, 139), (-64, 134), (-76, 141), (-109, 135), (-134, 147), (-134, 158), (-128, 158), (-127, 164), (-109, 168), (-109, 191), (-89, 189), (-58, 198), (-51, 195), (-50, 176)], [(-122, 171), (-140, 170), (-143, 150), (-159, 153), (-160, 157), (-184, 158), (-191, 155), (-198, 158), (-197, 175), (-174, 172), (-146, 182), (-142, 188), (-126, 186)], [(115, -84), (98, -84), (97, -78), (-6, -74), (-6, -57), (-1, -57), (-4, 5), (13, 6), (13, -3), (122, -6), (122, -24), (115, -24)], [(113, 0), (101, 0), (100, 7), (12, 10), (24, 91), (35, 91), (35, 84), (122, 81), (122, 69), (114, 69)], [(98, 188), (98, 174), (92, 174), (92, 89), (76, 89), (76, 96), (-1, 97), (-1, 111), (7, 112), (9, 165), (37, 184), (38, 196), (49, 196), (49, 189)], [(212, 36), (212, 24), (206, 24), (206, -84), (124, -76), (124, -64), (131, -64), (130, 43), (142, 43), (143, 36)], [(206, 125), (206, 113), (199, 112), (198, 44), (187, 44), (186, 49), (129, 47), (129, 59), (137, 59), (140, 121)], [(97, 137), (97, 152), (111, 152), (113, 182), (127, 182), (125, 167), (191, 167), (198, 177), (203, 167), (211, 167), (211, 152), (196, 153), (202, 141), (195, 129), (181, 129), (182, 143), (116, 138), (114, 128)]]
----------------------------------------------------------------------------------------------------------------------------------------------------------------------------------------------


==============================================================================================================================================================================================
Dimensão: (399, 266)
Máximo: 80%
Tempo pré-processamento NFPs: 334.2s
==============================================================================================================================================================================================

----------------------------------------------------------------------------------------------------------------------------------------------------------------------------------------------
RESULTADOS GCG:
GCG: Tempo: 399.45s, Area: 58.26%, Peças: 12/15, Fecho: 88.0%, Box: 100.0%
Peças GCG: [[(7, -44), (-9, -66), (-20, -66), (-21, -51), (-185, -55), (-200, -48), (-200, -34), (-185, -33), (-194, -27), (-185, -11), (-171, -11), (-170, -26), (-126, -27), (-114, -17), (-101, -42), (-68, -38), (-74, -27), (-62, -15), (-47, -15), (-48, -30), (-12, -32), (-5, -23)], [(-190, 71), (-173, 71), (-172, 66), (-69, 61), (-69, 44), (-74, 44), (-71, -18), (-88, -19), (-88, -10), (-197, -6), (-197, 12), (-190, 12)], [(-71, 69), (-83, 67), (-102, 90), (-115, 86), (-119, 71), (-155, 74), (-155, 84), (-165, 89), (-188, 88), (-183, 165), (-159, 162), (-149, 176), (-107, 164), (-101, 141), (-77, 134)], [(-58, -11), (-64, -1), (-64, 167), (-32, 166), (-33, 154), (-40, 154), (-37, -10)], [(-17, -17), (-18, -9), (-32, -9), (-32, -2), (-24, -1), (-22, 86), (-26, 174), (-11, 174), (-11, 166), (0, 166), (0, 152), (-6, 152), (-3, -17)], [(-105, 178), (-87, 180), (-84, 199), (-68, 197), (-67, 193), (-43, 192), (-36, 195), (-29, 192), (-30, 175), (-53, 178), (-81, 168), (-85, 162), (-101, 163)], [(-200, 76), (-200, 85), (-195, 85), (-191, 80), (-191, 76)], [(127, -66), (109, -66), (109, -60), (8, -57), (14, 25), (32, 26), (32, 18), (134, 16), (134, -1), (127, -1)], [(115, 21), (103, 21), (102, 28), (14, 31), (26, 112), (37, 112), (37, 105), (124, 102), (124, 90), (116, 90)], [(118, 109), (106, 109), (105, 116), (37, 117), (37, 128), (42, 129), (39, 186), (51, 186), (51, 178), (114, 175)], [(175, -66), (162, -66), (161, -60), (148, -64), (141, -59), (140, -44), (135, -39), (142, -27), (136, 6), (148, 31), (159, 31), (159, 25), (165, 24), (169, 6), (192, 6), (190, -14), (199, -44), (196, -51), (177, -52)], [(166, 36), (151, 35), (151, 50), (121, 51), (121, 65), (136, 64), (136, 129), (126, 136), (136, 141), (136, 149), (151, 149), (150, 134), (162, 141), (174, 134), (174, 120), (160, 121), (165, 55), (175, 53)]]
----------------------------------------------------------------------------------------------------------------------------------------------------------------------------------------------


||||||||||||||||||||||||||||||||||||||||||||||||||||||||||||||||||||||||||||||||||||||||||||||||||||||||||||||||||||||||||||||||||||||||||||||||||||||||||||||||||||||||||||||||||||||||||||||
Instância: embraer_55
Data e Hora: 04/02/2025 12:52
Margem: True
{'dimensoes': ['60', '70', '80'], 'algoritmos': {'GCG': 1, 'GRASP': 0, 'GRASP_GCG': 0, 'Random_Key': 0}, 'num_execucoes': 1}
||||||||||||||||||||||||||||||||||||||||||||||||||||||||||||||||||||||||||||||||||||||||||||||||||||||||||||||||||||||||||||||||||||||||||||||||||||||||||||||||||||||||||||||||||||||||||||||


==============================================================================================================================================================================================
Dimensão: (477, 318)
Máximo: 60%
Tempo pré-processamento NFPs: 6416.27s
==============================================================================================================================================================================================

----------------------------------------------------------------------------------------------------------------------------------------------------------------------------------------------
RESULTADOS GCG:
GCG: Tempo: 601.83s, Area: 45.24%, Peças: 18/19, Fecho: 67.0%, Box: 78.0%
Peças GCG: [[(175, -44), (167, -118), (-200, -92), (-192, -57), (2, -28)], [(-193, -42), (-192, -37), (-184, -35), (-184, -21), (-176, -21), (-176, -27), (-119, -28), (-100, -24), (-94, -29), (-95, -37), (-138, -34), (-181, -44)], [(-6, -21), (-15, -25), (-24, -21), (-177, -16), (-177, -5), (-6, -10)], [(-198, 10), (-24, 6), (-24, -2), (-33, -5), (-89, 0), (-198, -1)], [(-153, 32), (-146, 34), (-146, 38), (-136, 38), (-136, 32), (-103, 31), (-103, 20), (-111, 13), (-120, 14), (-121, 21), (-142, 21), (-143, 19), (-153, 21)], [(-197, 24), (-197, 35), (-191, 36), (-187, 60), (-148, 54), (-149, 42), (-158, 42), (-161, 14), (-172, 14), (-172, 21)], [(-134, 63), (-146, 59), (-170, 70), (-199, 68), (-200, 79), (-193, 83), (-191, 89), (-180, 88), (-180, 82), (-131, 76)], [(-127, 90), (-140, 82), (-195, 100), (-192, 136), (-179, 135), (-178, 128), (-151, 125), (-127, 94)], [(-127, 38), (-119, 115), (-103, 130), (-101, 142), (-91, 142), (-82, 131), (-88, 113), (-86, 47), (-80, 46), (-80, 41), (-90, 35), (-101, 35), (-101, 40)], [(-17, 11), (-29, 11), (-29, 17), (-83, 13), (-83, 25), (-75, 40), (-75, 82), (-56, 78), (-10, 83), (-10, 71), (-17, 71)], [(-138, 175), (-135, 146), (-141, 138), (-177, 140), (-177, 142), (-192, 144), (-195, 148), (-200, 149), (-199, 159), (-195, 159), (-192, 165), (-189, 165), (-179, 176), (-142, 177)], [(-84, 168), (-73, 169), (-73, 157), (-52, 139), (-48, 93), (-62, 92), (-62, 99), (-82, 97), (-83, 113), (-74, 113), (-73, 148)], [(14, 183), (37, 176), (37, 167), (30, 167), (33, -25), (-1, -19), (0, 17), (-7, 31), (-6, 122)], [(77, -27), (38, -25), (38, -16), (45, -16), (50, 176), (69, 169), (84, 116)], [(90, 48), (102, 48), (103, 41), (152, 33), (151, 21), (148, 21), (147, -36), (135, -36), (134, -27), (83, -22), (84, -11), (89, -11)], [(-34, 195), (-34, 190), (-16, 188), (-13, 183), (-14, 150), (-30, 134), (-44, 132), (-52, 150), (-51, 187), (-43, 190), (-42, 195)], [(-57, 169), (-68, 167), (-69, 175), (-109, 169), (-111, 183), (-108, 196), (-97, 198), (-97, 193), (-58, 199), (-57, 187), (-60, 187), (-60, 182), (-56, 179)], [(97, 166), (107, 166), (119, 140), (127, 139), (119, 54), (102, 53), (102, 63), (87, 64), (88, 80), (94, 80), (94, 147), (88, 155)]]
----------------------------------------------------------------------------------------------------------------------------------------------------------------------------------------------


==============================================================================================================================================================================================
Dimensão: (441, 294)
Máximo: 70%
Tempo pré-processamento NFPs: 6416.27s
==============================================================================================================================================================================================

----------------------------------------------------------------------------------------------------------------------------------------------------------------------------------------------
RESULTADOS GCG:
GCG: Tempo: 573.52s, Area: 51.65%, Peças: 18/19, Fecho: 80.0%, Box: 87.0%
Peças GCG: [[(-200, -94), (-185, -79), (-187, -25), (43, -16), (183, -52), (176, -94), (161, -79)], [(-65, -8), (-72, -10), (-72, -15), (-82, -15), (-82, -8), (-115, -8), (-115, 3), (-107, 10), (-98, 10), (-97, 3), (-76, 3), (-75, 5), (-65, 3)], [(-181, -17), (-184, 11), (-178, 19), (-142, 18), (-142, 16), (-127, 14), (-124, 10), (-119, 9), (-120, -1), (-124, -1), (-127, -7), (-130, -7), (-140, -18), (-177, -19)], [(-130, 26), (-142, 22), (-166, 33), (-195, 31), (-196, 42), (-189, 46), (-187, 52), (-176, 51), (-176, 45), (-127, 39)], [(-123, 53), (-136, 45), (-191, 63), (-188, 99), (-175, 98), (-174, 91), (-147, 88), (-123, 57)], [(-196, 121), (-191, 121), (-189, 139), (-184, 142), (-151, 141), (-135, 125), (-133, 111), (-151, 103), (-188, 104), (-191, 112), (-196, 113)], [(-70, 62), (-82, 62), (-83, 70), (-132, 77), (-131, 89), (-128, 89), (-127, 146), (-115, 146), (-114, 137), (-63, 133), (-64, 122), (-69, 122)], [(74, 46), (72, 6), (63, 6), (63, 13), (-129, 18), (-122, 37), (-69, 52)], [(-59, 129), (-47, 129), (-47, 123), (7, 126), (7, 114), (-1, 99), (-1, 57), (-20, 61), (-66, 57), (-66, 69), (-59, 69)], [(-195, 192), (-118, 184), (-103, 168), (-91, 166), (-91, 156), (-103, 147), (-121, 153), (-187, 151), (-188, 145), (-193, 145), (-198, 155), (-198, 166), (-194, 166)], [(-38, 172), (-38, 161), (-44, 160), (-48, 136), (-87, 142), (-87, 154), (-78, 154), (-75, 182), (-63, 182), (-63, 175)], [(3, 144), (14, 145), (14, 133), (35, 115), (39, 69), (25, 68), (25, 75), (5, 73), (4, 89), (13, 89), (14, 124)], [(-37, 145), (-39, 156), (-31, 157), (-37, 197), (-22, 199), (-9, 196), (-7, 185), (-13, 185), (-7, 146), (-19, 145), (-19, 148), (-24, 148), (-27, 144)], [(111, -13), (102, -17), (93, -13), (-60, -8), (-60, 3), (111, -2)], [(71, 70), (61, 71), (49, 96), (41, 97), (49, 182), (66, 183), (66, 173), (81, 172), (80, 156), (74, 156), (74, 90), (80, 82)], [(133, -35), (110, -28), (110, -19), (117, -19), (114, 173), (148, 167), (146, 131), (153, 117), (153, 26)], [(84, 3), (88, 177), (96, 177), (99, 168), (94, 112), (95, 3)], [(175, -45), (170, -44), (168, -36), (154, -36), (154, -28), (160, -28), (162, 29), (158, 48), (163, 54), (171, 53), (168, 10), (178, -33)]]
----------------------------------------------------------------------------------------------------------------------------------------------------------------------------------------------


==============================================================================================================================================================================================
Dimensão: (413, 275)
Máximo: 80%
Tempo pré-processamento NFPs: 6416.27s
==============================================================================================================================================================================================

----------------------------------------------------------------------------------------------------------------------------------------------------------------------------------------------
RESULTADOS GCG:
GCG: Tempo: 519.63s, Area: 58.94%, Peças: 18/19, Fecho: 92.0%, Box: 98.0%
Peças GCG: [[(-200, -75), (-185, -60), (-187, -6), (43, 3), (183, -33), (176, -75), (161, -60)], [(-65, 10), (-72, 8), (-72, 3), (-82, 3), (-82, 10), (-115, 10), (-115, 21), (-107, 28), (-98, 28), (-97, 21), (-76, 21), (-75, 23), (-65, 21)], [(-181, 2), (-184, 30), (-178, 38), (-142, 37), (-142, 35), (-127, 33), (-124, 29), (-119, 28), (-120, 18), (-124, 18), (-127, 12), (-130, 12), (-140, 1), (-177, 0)], [(-130, 45), (-142, 41), (-166, 52), (-195, 50), (-196, 61), (-189, 65), (-187, 71), (-176, 70), (-176, 64), (-127, 58)], [(-123, 72), (-136, 64), (-191, 82), (-188, 118), (-175, 117), (-174, 110), (-147, 107), (-123, 76)], [(-196, 140), (-191, 140), (-189, 158), (-184, 161), (-151, 160), (-135, 144), (-133, 130), (-151, 122), (-188, 123), (-191, 131), (-196, 132)], [(-70, 81), (-82, 81), (-83, 89), (-132, 96), (-131, 108), (-128, 108), (-127, 165), (-115, 165), (-114, 156), (-63, 152), (-64, 141), (-69, 141)], [(83, 56), (76, 33), (67, 33), (67, 40), (-125, 36), (-119, 70), (-83, 69), (-69, 76), (22, 76)], [(-62, 128), (15, 120), (30, 104), (42, 102), (42, 92), (30, 83), (12, 89), (-54, 87), (-55, 81), (-60, 81), (-65, 91), (-65, 102), (-61, 102)], [(-192, 195), (-181, 197), (-180, 189), (-140, 195), (-138, 180), (-141, 167), (-152, 165), (-152, 171), (-191, 165), (-192, 177), (-189, 177), (-189, 182), (-193, 185)], [(-76, 197), (-65, 197), (-64, 191), (-40, 187), (-46, 148), (-58, 148), (-58, 157), (-86, 161), (-86, 172), (-79, 172)], [(111, 16), (102, 12), (93, 16), (-60, 21), (-60, 32), (111, 27)], [(-39, 131), (-39, 143), (-33, 143), (-36, 197), (-24, 197), (-9, 189), (33, 189), (29, 170), (33, 124), (21, 124), (21, 131)], [(55, 182), (65, 182), (77, 156), (85, 155), (77, 70), (60, 69), (60, 79), (45, 80), (46, 96), (52, 96), (52, 163), (46, 171)], [(122, 33), (111, 32), (111, 44), (90, 61), (86, 107), (100, 108), (100, 101), (120, 103), (121, 88), (112, 88), (111, 53)], [(158, -13), (119, -11), (119, -2), (126, -2), (131, 190), (150, 183), (165, 130)], [(166, -25), (170, 149), (178, 149), (181, 140), (176, 84), (177, -25)], [(208, -75), (203, -74), (201, -66), (187, -66), (187, -58), (193, -58), (195, -1), (191, 18), (196, 24), (204, 23), (201, -20), (211, -63)]]
----------------------------------------------------------------------------------------------------------------------------------------------------------------------------------------------

