==============================================================================================================================================================================================
RESULTADOS GERAIS: 26/01/2025 14:43
==============================================================================================================================================================================================


||||||||||||||||||||||||||||||||||||||||||||||||||||||||||||||||||||||||||||||||||||||||||||||||||||||||||||||||||||||||||||||||||||||||||||||||||||||||||||||||||||||||||||||||||||||||||||||
Instância: embraer_2338
Data e Hora: 26/01/2025 14:43
Margem: True
{'dimensoes': ['80'], 'algoritmos': {'GCG': 0, 'GRASP': 1, 'GRASP_GCG': 0, 'Random_Key': 1}, 'num_execucoes': 5}
||||||||||||||||||||||||||||||||||||||||||||||||||||||||||||||||||||||||||||||||||||||||||||||||||||||||||||||||||||||||||||||||||||||||||||||||||||||||||||||||||||||||||||||||||||||||||||||


==============================================================================================================================================================================================
Dimensão: (531, 354)
Máximo: 80%
Tempo pré-processamento NFPs: 13.88s
==============================================================================================================================================================================================

----------------------------------------------------------------------------------------------------------------------------------------------------------------------------------------------
RESULTADOS GRASP:
GRASP: Tempo: 1020.74s, Area: 75.88%, Peças: 17/19, Fecho: 95.0%, Box: 99.0%
Peças GRASP 1: [[(-161, -154), (-171, -154), (-197, -124), (-200, -85), (-198, -75), (-172, -72), (-160, -75), (-157, -150)], [(-159, -71), (-170, -66), (-193, -40), (-193, -30), (-161, 27), (-155, 27), (-128, 3), (-129, -42), (-152, -71)], [(-153, -75), (26, -57), (134, -62), (226, -81), (238, -127), (223, -139), (-152, -149)], [(250, -62), (-124, -44), (-122, -4), (20, 31), (247, 19)], [(257, -70), (254, -62), (257, 5), (323, 14), (326, 5), (326, -62)], [(-152, 32), (-149, 70), (-116, 87), (-69, 87), (-33, 68), (-34, 35), (-68, 13), (-116, 13)], [(206, 40), (-28, 33), (-32, 154), (81, 170), (190, 87)], [(211, 24), (209, 143), (318, 144), (319, 23)], [(-35, 164), (-43, 92), (-110, 92), (-119, 95), (-110, 164)], [(132, 162), (135, 166), (182, 160), (204, 150), (204, 145), (195, 140), (132, 137)], [(331, -77), (329, -92), (324, -98), (237, -98), (233, -91), (235, -84), (324, -68)], [(-187, 45), (-198, 54), (-191, 142), (-176, 146), (-124, 141), (-120, 128), (-134, 93), (-181, 45)], [(-178, 7), (-199, 7), (-199, 40), (-183, 40), (-178, 35)], [(321, 183), (321, 168), (297, 151), (209, 151), (212, 191), (309, 194)], [(200, 180), (198, 175), (91, 168), (83, 190), (90, 195), (200, 191)], [(324, -142), (317, -149), (246, -143), (242, -131), (246, -105), (255, -103), (291, -108), (324, -132)], [(40, 179), (37, 169), (-134, 169), (-130, 189), (35, 191)]]

GRASP: Tempo: 739.11s, Area: 76.48%, Peças: 17/19, Fecho: 96.0%, Box: 99.0%
Peças GRASP 2: [[(-128, -154), (-200, -146), (-200, -79), (-197, -70), (-128, -79)], [(-123, -79), (56, -61), (164, -66), (256, -85), (268, -131), (253, -143), (-122, -153)], [(-182, -52), (-179, -14), (-146, 3), (-99, 3), (-63, -16), (-64, -49), (-98, -71), (-146, -71)], [(315, -67), (-59, -49), (-57, -9), (85, 26), (312, 14)], [(-11, 6), (-185, 7), (-185, 23), (-181, 27), (-17, 26)], [(-61, 34), (-181, 32), (-182, 141), (-60, 142)], [(-53, 31), (-56, 39), (-53, 106), (13, 115), (16, 106), (16, 39)], [(131, 27), (46, 33), (20, 52), (20, 66), (30, 74), (127, 82)], [(20, 105), (23, 109), (70, 103), (92, 93), (92, 88), (83, 83), (20, 80)], [(88, 153), (322, 160), (325, 39), (213, 23), (104, 106)], [(90, 126), (81, 115), (-7, 122), (-11, 137), (-6, 189), (7, 193), (43, 179), (90, 132)], [(-13, 159), (-15, 154), (-122, 147), (-130, 169), (-123, 174), (-13, 170)], [(61, 168), (61, 183), (85, 200), (173, 200), (169, 160), (73, 157)], [(175, 170), (177, 185), (182, 191), (269, 192), (273, 185), (271, 178), (182, 161)], [(-182, 190), (-179, 199), (-8, 199), (-12, 179), (-177, 178)], [(307, -154), (297, -154), (271, -124), (268, -85), (270, -75), (296, -72), (308, -75), (311, -150)], [(299, 164), (278, 164), (278, 197), (294, 197), (299, 192)]]

GRASP: Tempo: 950.1s, Area: 75.63%, Peças: 17/19, Fecho: 99.0%, Box: 100.0%
Peças GRASP 3: [[(-197, -154), (-200, -146), (-197, -79), (-131, -70), (-128, -79), (-128, -146)], [(-123, -78), (56, -60), (164, -65), (256, -84), (268, -130), (253, -142), (-122, -152)], [(293, -129), (272, -129), (272, -96), (288, -96), (293, -101)], [(-40, -15), (-43, -53), (-76, -70), (-123, -69), (-159, -50), (-158, -17), (-124, 4), (-76, 4)], [(84, -55), (-36, -57), (-37, 52), (85, 53)], [(328, -50), (94, -57), (90, 64), (203, 80), (312, -3)], [(87, 67), (84, 57), (-87, 57), (-83, 77), (82, 79)], [(-124, 34), (-121, 38), (-74, 32), (-52, 22), (-52, 17), (-61, 12), (-124, 9)], [(82, 84), (-92, 85), (-92, 101), (-88, 105), (76, 104)], [(199, 88), (197, 83), (90, 76), (82, 98), (89, 103), (199, 99)], [(204, 94), (211, 101), (282, 95), (286, 83), (281, 57), (272, 55), (236, 60), (204, 84)], [(-123, 200), (251, 181), (249, 141), (107, 107), (-120, 119)], [(-184, 2), (-178, 87), (-159, 113), (-145, 113), (-137, 103), (-129, 7)], [(311, 199), (322, 190), (315, 102), (300, 98), (248, 104), (244, 117), (258, 152), (305, 199)], [(327, -1), (317, -1), (291, 29), (288, 68), (290, 78), (316, 81), (328, 78), (331, 3)], [(301, -56), (316, -58), (322, -63), (322, -150), (315, -154), (308, -152), (292, -63)], [(-127, 116), (-199, 124), (-199, 191), (-196, 200), (-127, 191)]]

GRASP: Tempo: 1232.09s, Area: 74.2%, Peças: 16/19, Fecho: 91.0%, Box: 97.0%
Peças GRASP 4: [[(174, -154), (-200, -136), (-198, -96), (-56, -61), (171, -73)], [(175, -72), (183, -69), (250, -72), (258, -138), (249, -141), (182, -141)], [(264, -59), (274, -59), (300, -89), (303, -128), (301, -138), (275, -141), (263, -138), (260, -62)], [(319, -50), (140, -67), (32, -62), (-60, -43), (-72, 3), (-57, 15), (318, 25)], [(318, 30), (144, 31), (144, 47), (148, 51), (312, 50)], [(-67, -59), (-88, -59), (-88, -26), (-72, -26), (-67, -31)], [(140, 26), (-94, 19), (-98, 140), (15, 156), (124, 73)], [(-147, -70), (-141, 15), (-122, 41), (-108, 41), (-100, 31), (-92, -65)], [(245, 68), (243, 63), (136, 56), (128, 78), (135, 83), (245, 79)], [(234, 89), (114, 87), (113, 196), (235, 197)], [(312, 76), (240, 84), (240, 151), (243, 160), (312, 151)], [(109, 168), (104, 157), (78, 134), (68, 133), (11, 165), (11, 171), (35, 198), (80, 198), (109, 175)], [(240, 190), (243, 194), (290, 188), (312, 178), (312, 173), (303, 168), (240, 165)], [(-184, 31), (-169, 31), (-152, 7), (-152, -81), (-192, -78), (-195, 19)], [(-197, 44), (-195, 59), (-190, 65), (-103, 66), (-99, 59), (-101, 52), (-190, 35)], [(-121, 71), (-159, 74), (-176, 107), (-176, 154), (-156, 190), (-123, 189), (-102, 155), (-102, 107)]]

GRASP: Tempo: 840.96s, Area: 75.73%, Peças: 17/19, Fecho: 94.0%, Box: 98.0%
Peças GRASP 5: [[(-26, -144), (-29, -154), (-200, -154), (-196, -134), (-31, -132)], [(37, -122), (-197, -129), (-201, -8), (-88, 8), (21, -75)], [(-21, -135), (-19, -130), (88, -123), (96, -145), (89, -150), (-21, -146)], [(42, -95), (45, -91), (92, -97), (114, -107), (114, -112), (105, -117), (42, -120)], [(-22, -18), (-13, -7), (75, -14), (79, -29), (73, -81), (60, -85), (25, -71), (-22, -24)], [(116, -12), (123, -19), (117, -90), (105, -94), (79, -90), (77, -81), (82, -44), (106, -12)], [(304, -16), (-70, 2), (-68, 42), (74, 77), (301, 65)], [(128, -12), (213, -18), (239, -37), (238, -51), (228, -59), (132, -67)], [(153, -105), (132, -105), (132, -72), (148, -72), (153, -77)], [(163, -148), (160, -140), (163, -73), (229, -64), (232, -73), (232, -140)], [(-74, 13), (-194, 11), (-195, 120), (-73, 121)], [(316, -102), (244, -94), (244, -27), (247, -18), (316, -27)], [(-69, 151), (110, 169), (218, 164), (310, 145), (322, 99), (307, 87), (-68, 77)], [(-192, 144), (-189, 182), (-156, 199), (-109, 199), (-73, 180), (-74, 147), (-108, 125), (-156, 125)], [(-68, 166), (-66, 181), (-61, 187), (26, 188), (30, 181), (28, 174), (-61, 157)], [(319, -111), (319, -121), (289, -147), (250, -150), (240, -148), (237, -122), (240, -110), (316, -107)], [(208, 174), (34, 175), (34, 191), (38, 195), (202, 194)]]


Estatísticas GRASP:
Tempo - Média: 956.6s, Desvio: 167.76s
Área - Média: 75.58%, Desvio: 0.75%
Peças - Média: 16.8, Desvio: 0.4
----------------------------------------------------------------------------------------------------------------------------------------------------------------------------------------------

----------------------------------------------------------------------------------------------------------------------------------------------------------------------------------------------
RESULTADOS RANDOM KEY:
Random Key Execução 1: Tempo: 919.81s, Area: 75.42%, Peças: 17/19, Fecho: 95.0%, Box: 99.0%
Peças Random Key 1: [[(-26, -154), (-200, -153), (-200, -137), (-196, -133), (-32, -134)], [(-197, -54), (-18, -36), (90, -41), (182, -60), (194, -106), (179, -118), (-196, -128)], [(-22, -137), (-20, -132), (87, -125), (95, -147), (88, -152), (-22, -148)], [(272, -135), (269, -145), (98, -145), (102, -125), (267, -123)], [(199, -10), (319, -8), (319, -117), (198, -118)], [(195, -41), (-179, -23), (-177, 17), (-35, 52), (192, 40)], [(279, 3), (272, -4), (201, 2), (197, 14), (201, 40), (210, 42), (246, 37), (279, 13)], [(198, 63), (-36, 56), (-40, 177), (73, 193), (182, 110)], [(-138, 47), (-136, 62), (-131, 68), (-44, 69), (-40, 62), (-42, 55), (-131, 38)], [(-112, 73), (-115, 81), (-112, 148), (-46, 157), (-43, 148), (-43, 81)], [(-141, 64), (-179, 67), (-196, 100), (-196, 147), (-176, 183), (-143, 182), (-122, 148), (-122, 100)], [(304, 54), (295, 43), (207, 50), (203, 65), (208, 117), (221, 121), (257, 107), (304, 60)], [(235, 154), (230, 143), (204, 120), (194, 119), (137, 151), (137, 157), (161, 184), (206, 184), (235, 161)], [(-43, 194), (-43, 184), (-73, 158), (-112, 155), (-122, 157), (-125, 183), (-122, 195), (-46, 198)], [(305, 2), (301, 5), (308, 52), (318, 74), (323, 74), (328, 65), (330, 2)], [(-179, 21), (-200, 21), (-200, 54), (-184, 54), (-179, 49)], [(258, 185), (330, 177), (330, 110), (327, 101), (258, 111)]]

Random Key Execução 2: Tempo: 1056.23s, Area: 71.7%, Peças: 15/19, Fecho: 93.0%, Box: 100.0%
Peças Random Key 2: [[(-193, -153), (-200, -147), (-194, -76), (-182, -72), (-156, -76), (-154, -85), (-159, -121), (-183, -154)], [(241, -136), (62, -153), (-46, -148), (-138, -129), (-150, -83), (-135, -71), (240, -61)], [(246, -136), (254, -64), (321, -64), (330, -67), (320, -136)], [(-186, -57), (-186, -42), (-162, -25), (-74, -25), (-78, -65), (-174, -68)], [(51, -61), (-69, -63), (-70, 46), (52, 47)], [(140, -56), (132, -59), (65, -56), (56, 10), (65, 13), (133, 13)], [(145, -31), (148, -27), (195, -33), (217, -43), (217, -48), (208, -53), (145, -56)], [(-74, -20), (-95, -20), (-95, 13), (-79, 13), (-74, 8)], [(-99, 15), (-104, 4), (-130, -19), (-140, -20), (-197, 12), (-197, 18), (-173, 45), (-128, 45), (-99, 22)], [(70, 101), (304, 108), (307, -13), (195, -29), (86, 54)], [(82, 50), (-92, 51), (-92, 67), (-88, 71), (76, 70)], [(-161, 199), (213, 180), (211, 140), (69, 106), (-158, 118)], [(316, 124), (307, 113), (219, 120), (215, 135), (220, 187), (233, 191), (269, 177), (316, 130)], [(-199, 116), (-114, 110), (-88, 91), (-89, 77), (-99, 69), (-195, 61)], [(231, -47), (233, -32), (238, -26), (325, -25), (329, -32), (327, -39), (238, -56)]]

Random Key Execução 3: Tempo: 885.78s, Area: 73.69%, Peças: 16/19, Fecho: 95.0%, Box: 100.0%
Peças Random Key 3: [[(-193, -154), (-200, 80), (-79, 84), (-63, -28), (-146, -137)], [(-79, 88), (-199, 86), (-200, 195), (-78, 196)], [(-48, 131), (-44, 128), (-51, 81), (-61, 59), (-66, 59), (-71, 68), (-73, 131)], [(-51, -55), (-56, -52), (-63, 54), (-41, 62), (-36, 55), (-40, -54)], [(330, 49), (-44, 67), (-42, 107), (100, 142), (327, 130)], [(-73, 145), (-71, 160), (-66, 166), (21, 167), (25, 160), (23, 153), (-66, 136)], [(41, -22), (-31, -14), (-31, 53), (-28, 62), (41, 53)], [(77, -54), (62, -54), (45, -30), (45, 58), (85, 55), (88, -41)], [(-93, -76), (86, -58), (194, -63), (286, -82), (298, -128), (283, -140), (-92, -150)], [(92, -3), (95, 35), (128, 52), (175, 52), (211, 33), (210, 0), (176, -22), (128, -22)], [(-98, -143), (-119, -143), (-119, -110), (-103, -110), (-98, -115)], [(220, -32), (213, -26), (219, 45), (231, 49), (257, 45), (259, 36), (254, 0), (230, -33)], [(259, -72), (256, -64), (259, 3), (325, 12), (328, 3), (328, -64)], [(203, 146), (29, 147), (29, 163), (33, 167), (197, 166)], [(312, 144), (227, 150), (201, 169), (201, 183), (211, 191), (308, 199)], [(101, 182), (98, 172), (-73, 172), (-69, 192), (96, 194)]]

Random Key Execução 4: Tempo: 926.95s, Area: 73.52%, Peças: 17/19, Fecho: 94.0%, Box: 99.0%
Peças Random Key 4: [[(-193, -154), (-200, 80), (-79, 84), (-63, -28), (-146, -137)], [(-153, 119), (-148, 130), (-122, 153), (-112, 153), (-55, 121), (-55, 115), (-79, 88), (-124, 89), (-153, 112)], [(-43, 93), (-39, 90), (-46, 43), (-56, 21), (-61, 21), (-66, 30), (-68, 93)], [(-30, -6), (-41, 3), (-34, 91), (-19, 95), (33, 90), (37, 77), (23, 42), (-24, -6)], [(-59, -31), (120, -13), (228, -18), (320, -37), (332, -83), (317, -95), (-58, -105)], [(162, -7), (42, -9), (41, 100), (163, 101)], [(324, 97), (-50, 115), (-48, 155), (94, 190), (321, 178)], [(240, 16), (168, 24), (168, 91), (171, 100), (240, 91)], [(-64, -131), (-62, -116), (-57, -110), (30, -109), (34, -116), (32, -123), (-57, -140)], [(-69, -131), (-90, -131), (-90, -98), (-74, -98), (-69, -103)], [(243, -15), (249, 70), (268, 96), (282, 96), (290, 86), (298, -10)], [(209, -117), (206, -127), (35, -127), (39, -107), (204, -105)], [(-192, 86), (-199, 92), (-193, 163), (-181, 167), (-155, 163), (-153, 154), (-158, 118), (-182, 85)], [(329, -111), (329, -126), (305, -143), (217, -143), (220, -103), (317, -100)], [(314, -23), (309, -20), (302, 86), (324, 94), (329, 87), (325, -22)], [(-25, 192), (-25, 182), (-55, 156), (-94, 153), (-104, 155), (-107, 181), (-104, 193), (-28, 196)], [(215, -153), (41, -152), (41, -136), (45, -132), (209, -133)]]

Random Key Execução 5: Tempo: 879.41s, Area: 76.33%, Peças: 18/19, Fecho: 95.0%, Box: 99.0%
Peças Random Key 5: [[(-168, -154), (-183, -154), (-200, -130), (-200, -42), (-160, -45), (-157, -141)], [(-200, -38), (-199, 136), (-183, 136), (-179, 132), (-181, -32)], [(-67, 81), (-65, -39), (-174, -39), (-175, 82)], [(-153, -52), (26, -34), (134, -39), (226, -58), (238, -104), (223, -116), (-152, -126)], [(-62, 56), (312, 37), (310, -3), (168, -37), (-59, -25)], [(313, -107), (241, -99), (241, -32), (244, -23), (313, -32)], [(-175, 96), (-173, 111), (-168, 117), (-81, 118), (-77, 111), (-79, 104), (-168, 87)], [(172, 68), (-62, 61), (-66, 182), (47, 198), (156, 115)], [(-98, 125), (-106, 122), (-173, 125), (-182, 191), (-173, 194), (-105, 194)], [(174, 104), (259, 98), (285, 79), (284, 65), (274, 57), (178, 49)], [(260, 114), (251, 103), (163, 110), (159, 125), (164, 177), (177, 181), (213, 167), (260, 120)], [(77, 191), (84, 198), (155, 192), (159, 180), (154, 154), (145, 152), (109, 157), (77, 181)], [(20, -141), (17, -151), (-154, -151), (-150, -131), (15, -129)], [(138, -141), (136, -146), (29, -153), (21, -131), (28, -126), (138, -130)], [(296, 178), (307, 173), (330, 147), (330, 137), (298, 80), (292, 80), (265, 104), (265, 149), (289, 178)], [(207, -147), (207, -137), (237, -111), (276, -108), (286, -110), (289, -136), (285, -148), (210, -151)], [(265, 169), (262, 165), (215, 172), (193, 182), (193, 187), (202, 192), (265, 194)], [(-72, 126), (-93, 126), (-93, 159), (-77, 159), (-72, 154)]]


Estatísticas Random Key:
Tempo - Média: 933.64s, Desvio: 64.02s
Área - Média: 74.13%, Desvio: 1.61%
Peças - Média: 16.6, Desvio: 1.02
----------------------------------------------------------------------------------------------------------------------------------------------------------------------------------------------

