==============================================================================================================================================================================================
RESULTADOS GERAIS: 02/02/2025 22:56
==============================================================================================================================================================================================


||||||||||||||||||||||||||||||||||||||||||||||||||||||||||||||||||||||||||||||||||||||||||||||||||||||||||||||||||||||||||||||||||||||||||||||||||||||||||||||||||||||||||||||||||||||||||||||
Instância: embraer_3274
Data e Hora: 02/02/2025 22:56
Margem: True
{'dimensoes': ['60'], 'algoritmos': {'GCG': 1, 'GRASP': 0, 'GRASP_GCG': 0, 'Random_Key': 0}, 'num_execucoes': 1}
||||||||||||||||||||||||||||||||||||||||||||||||||||||||||||||||||||||||||||||||||||||||||||||||||||||||||||||||||||||||||||||||||||||||||||||||||||||||||||||||||||||||||||||||||||||||||||||


==============================================================================================================================================================================================
Dimensão: (498, 332)
Máximo: 60%
Tempo pré-processamento NFPs: 10.35s
==============================================================================================================================================================================================

----------------------------------------------------------------------------------------------------------------------------------------------------------------------------------------------
RESULTADOS GCG:
GCG: Tempo: 100.82s, Area: 40.53%, Peças: 15/16, Fecho: 56.99999999999999%, Box: 63.0%
Peças GCG: [[(-195, -132), (-200, -36), (-186, -12), (-177, -10), (-132, -35), (-112, -73), (-111, -85), (-183, -131)], [(-112, 91), (-110, -11), (-119, -28), (-129, -31), (-169, -8), (-193, 33), (-195, 44), (-188, 53)], [(-196, 82), (-193, 134), (-160, 143), (-116, 143), (-114, 95), (-160, 80)], [(-183, 182), (-174, 193), (-136, 193), (-117, 174), (-117, 154), (-120, 150), (-138, 148), (-181, 151), (-184, 154)], [(17, -111), (-16, -132), (-110, -124), (-65, -41), (-39, -46), (-7, -65)], [(-6, 61), (7, 38), (9, -58), (5, -65), (-78, -20), (-77, -5), (-58, 35)], [(-85, -19), (-81, -22), (-88, -69), (-98, -91), (-103, -91), (-108, -82), (-110, -19)], [(-101, -3), (-108, 3), (-102, 74), (-90, 78), (-64, 74), (-62, 65), (-67, 29), (-91, -4)], [(8, 74), (-77, 80), (-103, 99), (-103, 113), (-93, 121), (4, 129)], [(-73, 135), (-73, 145), (-43, 171), (-4, 174), (6, 172), (9, 146), (5, 134), (-70, 131)], [(45, -132), (23, -128), (19, 158), (45, 161)], [(66, -132), (49, -128), (46, 158), (59, 163), (70, 158)], [(120, -88), (117, -132), (78, -132), (70, -129), (74, -88), (77, -84)], [(108, -79), (77, -79), (74, -75), (76, -14), (79, -11), (99, -14), (114, -32), (117, -69)], [(114, -1), (90, -7), (82, -5), (73, 40), (74, 47), (98, 56), (108, 54), (115, 8)]]
----------------------------------------------------------------------------------------------------------------------------------------------------------------------------------------------


||||||||||||||||||||||||||||||||||||||||||||||||||||||||||||||||||||||||||||||||||||||||||||||||||||||||||||||||||||||||||||||||||||||||||||||||||||||||||||||||||||||||||||||||||||||||||||||
Instância: embraer_3153
Data e Hora: 02/02/2025 22:56
Margem: True
{'dimensoes': ['60'], 'algoritmos': {'GCG': 1, 'GRASP': 0, 'GRASP_GCG': 0, 'Random_Key': 0}, 'num_execucoes': 1}
||||||||||||||||||||||||||||||||||||||||||||||||||||||||||||||||||||||||||||||||||||||||||||||||||||||||||||||||||||||||||||||||||||||||||||||||||||||||||||||||||||||||||||||||||||||||||||||


==============================================================================================================================================================================================
Dimensão: (505, 336)
Máximo: 60%
Tempo pré-processamento NFPs: 10.52s
==============================================================================================================================================================================================

----------------------------------------------------------------------------------------------------------------------------------------------------------------------------------------------
RESULTADOS GCG:
GCG: Tempo: 91.97s, Area: 60.18%, Peças: 17/17, Fecho: 92.0%, Box: 97.0%
Peças GCG: [[(-200, -132), (-196, -115), (90, -111), (95, -124), (90, -136)], [(93, -84), (89, -106), (-197, -110), (-200, -84)], [(91, 71), (93, -80), (-85, -79), (-123, -51), (-120, -34), (35, 63)], [(-127, -45), (-127, -76), (-131, -79), (-192, -77), (-195, -74), (-192, -54), (-174, -39), (-137, -36)], [(-200, -29), (-200, -19), (-170, 7), (-131, 10), (-121, 8), (-118, -18), (-122, -30), (-197, -33)], [(-83, 36), (-85, 21), (-90, 15), (-177, 15), (-181, 22), (-179, 29), (-90, 45)], [(-173, 55), (-169, 96), (35, 89), (35, 68), (-23, 50), (-168, 50)], [(-178, 34), (-199, 34), (-199, 67), (-183, 67), (-178, 62)], [(-169, 101), (-162, 141), (-19, 143), (38, 125), (35, 101)], [(-196, 121), (-178, 121), (-175, 118), (-176, 75), (-179, 72), (-197, 72), (-199, 75), (-199, 118)], [(-67, 179), (-67, 164), (-91, 147), (-179, 147), (-176, 187), (-79, 190)], [(98, -136), (114, 10), (182, 79), (224, -131)], [(134, 48), (127, 54), (133, 125), (145, 129), (171, 125), (173, 116), (168, 80), (144, 47)], [(138, 195), (149, 186), (149, 148), (130, 129), (110, 129), (106, 132), (104, 150), (107, 193), (110, 196)], [(225, -136), (225, -68), (228, -65), (297, -79), (294, -136)], [(227, -60), (233, 25), (252, 51), (266, 51), (274, 41), (282, -55)], [(293, 54), (241, 57), (232, 90), (233, 134), (281, 136), (295, 90)]]
----------------------------------------------------------------------------------------------------------------------------------------------------------------------------------------------


||||||||||||||||||||||||||||||||||||||||||||||||||||||||||||||||||||||||||||||||||||||||||||||||||||||||||||||||||||||||||||||||||||||||||||||||||||||||||||||||||||||||||||||||||||||||||||||
Instância: embraer_3089
Data e Hora: 02/02/2025 22:56
Margem: True
{'dimensoes': ['60'], 'algoritmos': {'GCG': 1, 'GRASP': 0, 'GRASP_GCG': 0, 'Random_Key': 0}, 'num_execucoes': 1}
||||||||||||||||||||||||||||||||||||||||||||||||||||||||||||||||||||||||||||||||||||||||||||||||||||||||||||||||||||||||||||||||||||||||||||||||||||||||||||||||||||||||||||||||||||||||||||||


==============================================================================================================================================================================================
Dimensão: (549, 366)
Máximo: 60%
Tempo pré-processamento NFPs: 16.94s
==============================================================================================================================================================================================

----------------------------------------------------------------------------------------------------------------------------------------------------------------------------------------------
RESULTADOS GCG:
GCG: Tempo: 96.86s, Area: 60.06%, Peças: 18/18, Fecho: 83.0%, Box: 89.0%
Peças GCG: [[(6, -158), (-2, -166), (-193, -163), (-200, -154), (-200, -118), (-193, -111), (0, -118), (7, -125)], [(-8, -106), (-14, -112), (-192, -106), (-192, -74), (-8, -69)], [(-198, -30), (-8, -30), (-8, -64), (-198, -68)], [(-8, 5), (-8, -25), (-194, -23), (-192, 2)], [(-193, 6), (-190, 53), (-52, 38), (-53, 11)], [(-51, 43), (-170, 56), (-171, 103), (-51, 104)], [(-177, 181), (-171, 185), (-67, 184), (-45, 157), (-48, 128), (-66, 109), (-171, 108), (-177, 114)], [(9, -166), (9, 62), (119, 63), (71, -166)], [(119, 67), (22, 67), (21, 111), (119, 105)], [(21, 161), (108, 161), (108, 114), (21, 116)], [(120, -166), (120, -106), (142, -84), (182, -84), (204, -106), (203, -166)], [(196, -79), (128, -79), (127, -31), (196, -30)], [(126, -24), (126, -12), (151, 12), (194, 12), (196, 10), (194, -20), (151, -26), (127, -27)], [(181, 151), (189, 139), (204, 25), (194, 17), (135, 18), (128, 26), (128, 140), (135, 151)], [(121, 159), (121, 171), (146, 195), (189, 195), (191, 193), (189, 163), (146, 157), (122, 156)], [(269, -40), (294, -99), (294, -156), (270, -166), (230, -166), (206, -157), (205, -92), (235, -41)], [(223, -35), (217, -28), (217, 70), (224, 78), (262, 78), (269, 68), (276, -28), (269, -35)], [(262, 82), (211, 83), (211, 172), (259, 170)]]
----------------------------------------------------------------------------------------------------------------------------------------------------------------------------------------------


||||||||||||||||||||||||||||||||||||||||||||||||||||||||||||||||||||||||||||||||||||||||||||||||||||||||||||||||||||||||||||||||||||||||||||||||||||||||||||||||||||||||||||||||||||||||||||||
Instância: embraer_3086
Data e Hora: 02/02/2025 22:56
Margem: True
{'dimensoes': ['60'], 'algoritmos': {'GCG': 1, 'GRASP': 0, 'GRASP_GCG': 0, 'Random_Key': 0}, 'num_execucoes': 1}
||||||||||||||||||||||||||||||||||||||||||||||||||||||||||||||||||||||||||||||||||||||||||||||||||||||||||||||||||||||||||||||||||||||||||||||||||||||||||||||||||||||||||||||||||||||||||||||


==============================================================================================================================================================================================
Dimensão: (576, 384)
Máximo: 60%
Tempo pré-processamento NFPs: 11.52s
==============================================================================================================================================================================================

----------------------------------------------------------------------------------------------------------------------------------------------------------------------------------------------
RESULTADOS GCG:
GCG: Tempo: 183.59s, Area: 46.38%, Peças: 16/17, Fecho: 67.0%, Box: 95.0%
Peças GCG: [[(-105, 190), (-124, -184), (-164, -182), (-198, -40), (-186, 187)], [(-91, -184), (-104, -162), (-106, -66), (-102, -59), (-19, -103), (-20, -118), (-39, -158)], [(-28, -68), (-31, -72), (-78, -65), (-100, -55), (-100, -50), (-91, -45), (-28, -43)], [(-20, 34), (-28, -38), (-95, -38), (-104, -35), (-95, 34)], [(-26, 57), (-26, 41), (-29, 38), (-86, 38), (-86, 47), (-59, 77), (-45, 77)], [(-64, 137), (-53, 128), (-53, 90), (-72, 71), (-92, 71), (-96, 74), (-98, 92), (-95, 135), (-92, 138)], [(-84, 190), (-40, 187), (-40, 148), (-43, 140), (-84, 145), (-88, 148)], [(-18, -180), (-14, -163), (272, -159), (277, -172), (272, -184)], [(275, -132), (271, -154), (-15, -158), (-18, -132)], [(27, -127), (34, -87), (177, -85), (234, -103), (231, -127)], [(-15, -70), (9, -64), (17, -66), (25, -111), (24, -118), (1, -127), (-9, -125), (-16, -79)], [(216, -26), (212, -67), (8, -59), (8, -38), (66, -21), (211, -21)], [(172, 5), (139, -16), (45, -8), (90, 75), (116, 70), (148, 51)], [(19, -29), (-12, -29), (-15, -25), (-13, 36), (-10, 39), (10, 36), (25, 18), (28, -19)], [(-9, 43), (-14, 139), (0, 163), (9, 165), (54, 140), (74, 102), (75, 90), (3, 44)], [(281, -184), (279, -82), (288, -65), (298, -62), (338, -84), (362, -125), (364, -136), (357, -145)]]
----------------------------------------------------------------------------------------------------------------------------------------------------------------------------------------------


||||||||||||||||||||||||||||||||||||||||||||||||||||||||||||||||||||||||||||||||||||||||||||||||||||||||||||||||||||||||||||||||||||||||||||||||||||||||||||||||||||||||||||||||||||||||||||||
Instância: embraer_2338
Data e Hora: 02/02/2025 22:56
Margem: True
{'dimensoes': ['60'], 'algoritmos': {'GCG': 1, 'GRASP': 0, 'GRASP_GCG': 0, 'Random_Key': 0}, 'num_execucoes': 1}
||||||||||||||||||||||||||||||||||||||||||||||||||||||||||||||||||||||||||||||||||||||||||||||||||||||||||||||||||||||||||||||||||||||||||||||||||||||||||||||||||||||||||||||||||||||||||||||


==============================================================================================================================================================================================
Dimensão: (613, 409)
Máximo: 60%
Tempo pré-processamento NFPs: 13.59s
==============================================================================================================================================================================================

