==============================================================================================================================================================================================
RESULTADOS GERAIS: 04/02/2025 23:25
==============================================================================================================================================================================================


||||||||||||||||||||||||||||||||||||||||||||||||||||||||||||||||||||||||||||||||||||||||||||||||||||||||||||||||||||||||||||||||||||||||||||||||||||||||||||||||||||||||||||||||||||||||||||||
Instância: embraer_3086
Data e Hora: 04/02/2025 23:25
Margem: True
{'dimensoes': ['70', '80'], 'algoritmos': {'GCG': 1, 'GRASP': 0, 'GRASP_GCG': 0, 'Random_Key': 0}, 'num_execucoes': 1}
||||||||||||||||||||||||||||||||||||||||||||||||||||||||||||||||||||||||||||||||||||||||||||||||||||||||||||||||||||||||||||||||||||||||||||||||||||||||||||||||||||||||||||||||||||||||||||||


==============================================================================================================================================================================================
Dimensão: (533, 355)
Máximo: 70%
Tempo pré-processamento NFPs: 10.38s
==============================================================================================================================================================================================

----------------------------------------------------------------------------------------------------------------------------------------------------------------------------------------------
RESULTADOS GCG:
GCG: Tempo: 141.33s, Area: 54.31%, Peças: 16/17, Fecho: 78.0%, Box: 92.0%
Peças GCG: [[(174, -155), (-200, -137), (-198, -97), (-56, -62), (171, -74)], [(-191, -53), (-188, -49), (-141, -55), (-119, -65), (-119, -70), (-128, -75), (-191, -78)], [(-188, -44), (-184, -27), (102, -23), (107, -36), (102, -48)], [(105, 3), (101, -19), (-185, -23), (-188, 3)], [(-142, 8), (-135, 48), (8, 50), (65, 32), (62, 8)], [(-192, 12), (-189, 56), (-150, 56), (-142, 53), (-147, 12), (-150, 8)], [(8, 96), (4, 55), (-200, 63), (-200, 84), (-142, 101), (3, 101)], [(-70, 120), (-93, 107), (-189, 105), (-196, 109), (-152, 192), (-137, 191), (-96, 172)], [(-47, 120), (-63, 120), (-66, 123), (-66, 180), (-57, 180), (-27, 153), (-27, 139)], [(10, 106), (-21, 106), (-24, 110), (-22, 171), (-19, 174), (1, 171), (16, 153), (19, 116)], [(54, 55), (30, 49), (22, 51), (13, 96), (14, 103), (38, 112), (48, 110), (55, 64)], [(24, 193), (96, 185), (96, 118), (93, 109), (24, 119)], [(129, 122), (150, 89), (142, -5), (59, 41), (64, 66), (83, 98)], [(112, 128), (101, 137), (101, 175), (120, 194), (140, 194), (144, 191), (145, 173), (143, 130), (140, 127)], [(297, -150), (201, -155), (177, -141), (175, -132), (200, -87), (239, -67), (251, -66), (297, -138)], [(198, -82), (196, 20), (205, 37), (215, 40), (255, 18), (279, -23), (281, -34), (274, -43)]]
----------------------------------------------------------------------------------------------------------------------------------------------------------------------------------------------


==============================================================================================================================================================================================
Dimensão: (499, 332)
Máximo: 80%
Tempo pré-processamento NFPs: 10.38s
==============================================================================================================================================================================================

