==============================================================================================================================================================================================
RESULTADOS GERAIS: 05/02/2025 16:25
==============================================================================================================================================================================================


||||||||||||||||||||||||||||||||||||||||||||||||||||||||||||||||||||||||||||||||||||||||||||||||||||||||||||||||||||||||||||||||||||||||||||||||||||||||||||||||||||||||||||||||||||||||||||||
Instância: embraer_3089
Data e Hora: 05/02/2025 16:25
Margem: True
{'dimensoes': ['80'], 'algoritmos': {'GCG': 0, 'GRASP': 1, 'GRASP_GCG': 0, 'Random_Key': 0}, 'num_execucoes': 1}
||||||||||||||||||||||||||||||||||||||||||||||||||||||||||||||||||||||||||||||||||||||||||||||||||||||||||||||||||||||||||||||||||||||||||||||||||||||||||||||||||||||||||||||||||||||||||||||


==============================================================================================================================================================================================
Dimensão: (475, 317)
Máximo: 80%
Tempo pré-processamento NFPs: 10.71s
==============================================================================================================================================================================================

----------------------------------------------------------------------------------------------------------------------------------------------------------------------------------------------
RESULTADOS GRASP:
GRASP: Tempo: 45.72s, Area: 74.06%, Peças: 17/18, Fecho: 91.0%, Box: 96.0%
Peças GRASP 1: [[(-164, -117), (-176, -117), (-200, -92), (-200, -49), (-198, -47), (-168, -49), (-162, -91), (-161, -115)], [(-198, -42), (-198, 186), (-88, 187), (-136, -42)], [(-157, -47), (-145, -47), (-121, -72), (-121, -115), (-123, -117), (-153, -115), (-159, -72), (-160, -48)], [(-74, -67), (-121, -64), (-106, 74), (-79, 73)], [(-47, 175), (-47, 78), (-91, 77), (-85, 175)], [(-69, -116), (-69, 74), (-35, 74), (-31, -116)], [(6, 74), (11, 68), (5, -110), (-27, -110), (-31, 74)], [(-36, 78), (-42, 85), (-42, 183), (-35, 191), (3, 191), (10, 181), (17, 85), (10, 78)], [(60, 89), (67, 81), (65, -110), (55, -117), (19, -117), (12, -110), (20, 83), (27, 90)], [(72, 93), (21, 94), (21, 183), (69, 181)], [(102, -96), (72, -96), (74, 90), (99, 88)], [(77, 94), (77, 181), (124, 182), (122, 94)], [(178, 90), (182, 84), (181, -20), (154, -42), (125, -39), (106, -21), (105, 84), (111, 90)], [(128, 94), (128, 162), (176, 163), (177, 95)], [(207, 37), (182, 96), (182, 153), (206, 163), (246, 163), (270, 154), (270, 89), (241, 38)], [(270, 32), (270, -28), (248, -50), (208, -49), (186, -27), (187, 32)], [(107, -42), (226, -55), (226, -102), (107, -103)]]


Estatísticas GRASP:
Tempo - Média: 45.72s, Desvio: 0.0s
Área - Média: 74.06%, Desvio: 0.0%
Peças - Média: 17.0, Desvio: 0.0
----------------------------------------------------------------------------------------------------------------------------------------------------------------------------------------------

