==============================================================================================================================================================================================
RESULTADOS GERAIS: 27/01/2025 08:06
==============================================================================================================================================================================================


||||||||||||||||||||||||||||||||||||||||||||||||||||||||||||||||||||||||||||||||||||||||||||||||||||||||||||||||||||||||||||||||||||||||||||||||||||||||||||||||||||||||||||||||||||||||||||||
Instância: embraer_55
Data e Hora: 27/01/2025 08:06
Margem: False
{'dimensoes': ['80'], 'algoritmos': {'GCG': 0, 'GRASP': 1, 'GRASP_GCG': 0, 'Random_Key': 1}, 'num_execucoes': 5}
||||||||||||||||||||||||||||||||||||||||||||||||||||||||||||||||||||||||||||||||||||||||||||||||||||||||||||||||||||||||||||||||||||||||||||||||||||||||||||||||||||||||||||||||||||||||||||||


==============================================================================================================================================================================================
Dimensão: (413, 275)
Máximo: 80%
Tempo pré-processamento NFPs: 257.97s
==============================================================================================================================================================================================

----------------------------------------------------------------------------------------------------------------------------------------------------------------------------------------------
RESULTADOS GRASP:
GRASP: Tempo: 616.78s, Area: 74.58%, Peças: 16/19, Fecho: 93.0%, Box: 96.0%
Peças GRASP 1: [[(-26, -75), (-200, -72), (-200, -64), (-191, -60), (-135, -65), (-26, -64)], [(-199, -49), (-191, 24), (176, -2), (168, -37), (-26, -65)], [(186, -3), (188, -10), (192, -10), (192, -20), (186, -20), (185, -53), (174, -53), (167, -45), (167, -36), (174, -35), (175, -14), (173, -13), (175, -3)], [(168, -46), (167, -51), (159, -53), (159, -67), (151, -66), (151, -60), (94, -59), (75, -63), (69, -58), (70, -50), (113, -53), (156, -43)], [(207, -7), (210, -19), (200, -43), (201, -72), (190, -73), (186, -66), (180, -64), (181, -53), (187, -53), (194, -4)], [(-20, 19), (-29, 15), (-38, 19), (-191, 24), (-191, 35), (-20, 30)], [(180, 40), (178, 0), (169, 0), (169, 7), (-23, 12), (-16, 31), (37, 46)], [(-192, 37), (-177, 52), (-179, 106), (51, 115), (191, 79), (184, 37), (169, 52)], [(202, 79), (190, 79), (189, 87), (140, 94), (141, 106), (144, 106), (145, 163), (157, 163), (158, 154), (209, 150), (208, 139), (203, 139)], [(146, 132), (139, 109), (130, 109), (130, 116), (-62, 112), (-56, 146), (-20, 145), (-6, 152), (85, 152)], [(145, 144), (132, 136), (77, 154), (80, 190), (93, 189), (94, 182), (121, 179), (145, 148)], [(4, 152), (3, 163), (15, 163), (33, 184), (79, 188), (80, 174), (73, 174), (74, 154), (59, 153), (59, 162), (24, 163)], [(-121, 110), (-124, 138), (-118, 146), (-82, 145), (-82, 143), (-67, 141), (-64, 137), (-59, 136), (-60, 126), (-64, 126), (-67, 120), (-70, 120), (-80, 109), (-117, 108)], [(-124, 108), (-136, 108), (-136, 114), (-190, 110), (-190, 122), (-182, 137), (-182, 179), (-163, 175), (-117, 180), (-117, 168), (-124, 168)], [(-4, 175), (-4, 165), (-30, 153), (-31, 145), (-116, 153), (-117, 170), (-107, 170), (-106, 185), (-90, 184), (-90, 178), (-23, 178), (-15, 184)], [(213, 173), (208, 173), (206, 155), (201, 152), (168, 153), (152, 168), (150, 182), (168, 190), (205, 190), (208, 182), (213, 181)]]

GRASP: Tempo: 590.95s, Area: 73.39%, Peças: 16/19, Fecho: 91.0%, Box: 100.0%
Peças GRASP 2: [[(175, -1), (167, -75), (-200, -49), (-192, -14), (2, 15)], [(211, -40), (182, -43), (174, -37), (175, -1), (177, -1), (180, 14), (184, 17), (185, 22), (195, 21), (195, 17), (201, 14), (201, 11), (212, 1), (213, -36)], [(-197, 7), (-182, 22), (-184, 76), (46, 85), (186, 49), (179, 7), (164, 22)], [(86, 116), (84, 76), (75, 76), (75, 83), (-117, 88), (-110, 107), (-57, 122)], [(151, 69), (139, 65), (115, 76), (86, 74), (85, 85), (92, 89), (94, 95), (105, 94), (105, 88), (154, 82)], [(-174, 150), (-162, 150), (-162, 144), (-108, 147), (-108, 135), (-116, 120), (-116, 78), (-135, 82), (-181, 78), (-181, 90), (-174, 90)], [(-107, 150), (-96, 152), (-95, 144), (-55, 150), (-53, 135), (-56, 122), (-67, 120), (-67, 126), (-106, 120), (-107, 132), (-104, 132), (-104, 137), (-108, 140)], [(153, 142), (146, 119), (137, 119), (137, 126), (-55, 122), (-49, 156), (-13, 155), (1, 162), (92, 162)], [(176, 73), (165, 73), (164, 80), (140, 83), (146, 122), (158, 122), (158, 113), (186, 110), (186, 99), (179, 99)], [(209, 55), (202, 53), (202, 48), (192, 48), (192, 55), (159, 55), (159, 66), (167, 73), (176, 73), (177, 66), (198, 66), (199, 68), (209, 66)], [(-173, 159), (-173, 169), (-147, 181), (-146, 189), (-61, 181), (-60, 164), (-70, 164), (-72, 149), (-88, 150), (-87, 156), (-154, 156), (-162, 150)], [(-67, 157), (-66, 162), (-58, 164), (-58, 178), (-50, 178), (-50, 172), (7, 171), (26, 175), (32, 170), (31, 162), (-12, 165), (-55, 155)], [(29, 180), (34, 180), (36, 198), (41, 201), (74, 200), (90, 184), (92, 170), (74, 162), (37, 163), (34, 171), (29, 172)], [(196, 145), (119, 153), (104, 169), (92, 171), (92, 181), (103, 190), (121, 184), (188, 186), (189, 192), (194, 192), (199, 182), (199, 171), (195, 171)], [(25, 184), (16, 180), (7, 184), (-146, 189), (-146, 200), (25, 195)], [(177, 145), (188, 146), (188, 134), (209, 116), (213, 70), (199, 69), (199, 76), (179, 74), (178, 90), (187, 90), (188, 125)]]

GRASP: Tempo: 650.48s, Area: 74.21%, Peças: 16/19, Fecho: 92.0%, Box: 98.0%
Peças GRASP 3: [[(-138, -75), (-150, -75), (-151, -67), (-200, -60), (-199, -48), (-196, -48), (-195, 9), (-183, 9), (-182, 0), (-131, -4), (-132, -15), (-137, -15)], [(-183, 0), (-175, 73), (192, 47), (184, 12), (-10, -16)], [(-129, -42), (-132, -14), (-126, -6), (-90, -7), (-90, -9), (-75, -11), (-72, -15), (-67, -16), (-68, -26), (-72, -26), (-75, -32), (-78, -32), (-88, -43), (-125, -44)], [(132, 51), (132, 63), (138, 63), (135, 117), (147, 117), (162, 109), (204, 109), (200, 90), (204, 44), (192, 44), (192, 51)], [(132, 60), (119, 52), (64, 70), (67, 106), (80, 105), (81, 98), (108, 95), (132, 64)], [(66, 99), (64, 59), (55, 59), (55, 66), (-137, 71), (-130, 90), (-77, 105)], [(-29, -21), (-29, -32), (-35, -33), (-39, -57), (-78, -51), (-78, -39), (-69, -39), (-66, -11), (-54, -11), (-54, -18)], [(-40, 116), (134, 112), (134, 104), (125, 101), (69, 106), (-40, 105)], [(176, -30), (169, -53), (160, -53), (160, -46), (-32, -50), (-26, -16), (10, -17), (24, -10), (115, -10)], [(203, 193), (188, 179), (190, 124), (-40, 116), (-180, 152), (-173, 194), (-158, 179)], [(-190, 143), (-113, 135), (-98, 119), (-86, 117), (-86, 107), (-98, 98), (-116, 104), (-182, 102), (-183, 96), (-188, 96), (-193, 106), (-193, 117), (-189, 117)], [(-78, -73), (-89, -75), (-90, -67), (-130, -73), (-132, -59), (-129, -46), (-118, -44), (-118, -49), (-79, -43), (-78, -55), (-81, -55), (-81, -60), (-77, -63)], [(171, -13), (164, -15), (164, -20), (154, -20), (154, -13), (121, -13), (121, -2), (129, 5), (138, 5), (139, -2), (160, -2), (161, 0), (171, -2)], [(-41, -71), (-40, -66), (-32, -64), (-32, -50), (-24, -50), (-24, -56), (33, -57), (52, -53), (58, -58), (57, -66), (14, -63), (-29, -73)], [(193, 18), (193, 13), (211, 11), (214, 6), (213, -27), (197, -43), (183, -45), (175, -27), (176, 10), (184, 13), (185, 18)], [(-173, 93), (-170, 81), (-180, 57), (-179, 28), (-190, 27), (-194, 34), (-200, 36), (-199, 47), (-193, 47), (-186, 96)]]

GRASP: Tempo: 432.02s, Area: 75.45%, Peças: 15/19, Fecho: 90.0%, Box: 98.0%
Peças GRASP 4: [[(175, -1), (167, -75), (-200, -49), (-192, -14), (2, 15)], [(175, -1), (98, 7), (83, 23), (71, 25), (71, 35), (82, 44), (100, 38), (167, 40), (168, 46), (173, 46), (178, 36), (178, 25), (174, 25)], [(68, 47), (71, 18), (65, 10), (29, 12), (29, 14), (14, 16), (11, 20), (6, 21), (7, 31), (11, 31), (14, 37), (17, 37), (27, 48), (64, 49)], [(-196, 39), (-181, 54), (-183, 108), (47, 117), (187, 81), (180, 39), (165, 54)], [(88, 149), (86, 109), (77, 109), (77, 116), (-115, 121), (-108, 140), (-55, 155)], [(158, 164), (158, 152), (152, 152), (155, 98), (143, 98), (128, 106), (86, 106), (90, 125), (85, 171), (98, 171), (98, 164)], [(163, 87), (155, 99), (173, 154), (209, 151), (208, 138), (201, 137), (198, 111), (167, 87)], [(87, 173), (80, 150), (71, 150), (71, 157), (-121, 153), (-115, 187), (-79, 186), (-65, 193), (26, 193)], [(11, 44), (12, 33), (0, 33), (-18, 12), (-64, 8), (-65, 22), (-58, 22), (-60, 42), (-45, 43), (-45, 34), (-9, 33)], [(-124, 110), (-136, 110), (-137, 118), (-186, 125), (-185, 137), (-182, 137), (-181, 194), (-169, 194), (-168, 185), (-117, 181), (-118, 170), (-123, 170)], [(198, 103), (201, 94), (198, 85), (192, -68), (181, -68), (187, 103)], [(-70, 30), (-70, 20), (-96, 8), (-97, 0), (-182, 8), (-183, 25), (-173, 25), (-172, 40), (-156, 39), (-156, 33), (-89, 33), (-81, 39)], [(212, 138), (208, -36), (200, -36), (196, -27), (202, 29), (201, 138)], [(158, 182), (169, 184), (170, 176), (210, 182), (212, 167), (209, 154), (198, 152), (198, 158), (159, 152), (158, 164), (161, 164), (161, 169), (157, 172)], [(136, 173), (129, 171), (129, 166), (119, 166), (119, 173), (86, 173), (86, 184), (94, 191), (103, 191), (104, 184), (125, 184), (126, 186), (136, 184)]]

GRASP: Tempo: 610.85s, Area: 73.38%, Peças: 17/19, Fecho: 96.0%, Box: 100.0%
Peças GRASP 5: [[(-200, -75), (-185, -60), (-187, -6), (43, 3), (183, -33), (176, -75), (161, -60)], [(-67, 12), (107, 8), (107, 0), (98, -3), (42, 2), (-67, 1)], [(-169, 8), (-169, 18), (-143, 30), (-142, 38), (-57, 30), (-56, 13), (-66, 13), (-68, -2), (-84, -1), (-83, 5), (-150, 5), (-158, -1)], [(146, 41), (144, 1), (135, 1), (135, 8), (-57, 13), (-50, 32), (3, 47)], [(204, -23), (192, -23), (192, -17), (138, -21), (138, -9), (146, 6), (146, 48), (165, 44), (211, 49), (211, 37), (204, 37)], [(-170, 63), (-162, 136), (205, 110), (197, 75), (3, 47)], [(-143, 30), (-154, 28), (-155, 36), (-195, 30), (-197, 44), (-194, 57), (-183, 59), (-183, 54), (-144, 60), (-143, 48), (-146, 48), (-146, 43), (-142, 40)], [(-166, 125), (-163, 113), (-173, 89), (-172, 60), (-183, 59), (-187, 66), (-193, 68), (-192, 79), (-186, 79), (-179, 128)], [(141, 156), (154, 164), (209, 146), (205, 110), (192, 111), (191, 118), (165, 121), (141, 152)], [(142, 151), (142, 140), (136, 139), (132, 115), (93, 121), (93, 133), (102, 133), (105, 161), (117, 161), (117, 154)], [(99, 140), (94, 140), (92, 122), (87, 119), (54, 120), (38, 135), (36, 149), (54, 157), (91, 157), (94, 149), (99, 148)], [(-39, 127), (-40, 138), (-28, 138), (-10, 159), (36, 163), (37, 149), (30, 149), (31, 129), (16, 128), (16, 137), (-19, 138)], [(99, 180), (92, 157), (83, 157), (83, 164), (-109, 160), (-103, 194), (-67, 193), (-53, 200), (38, 200)], [(-25, 142), (-34, 138), (-43, 142), (-196, 147), (-196, 158), (-25, 153)], [(93, 163), (94, 168), (102, 170), (102, 184), (110, 184), (110, 178), (167, 177), (186, 181), (192, 176), (191, 168), (148, 171), (105, 161)], [(-168, 159), (-171, 187), (-165, 195), (-129, 194), (-129, 192), (-114, 190), (-111, 186), (-106, 185), (-107, 175), (-111, 175), (-114, 169), (-117, 169), (-127, 158), (-164, 157)], [(204, -23), (206, -30), (210, -30), (210, -40), (204, -40), (203, -73), (192, -73), (185, -65), (185, -56), (192, -55), (193, -34), (191, -33), (193, -23)]]


Estatísticas GRASP:
Tempo - Média: 580.22s, Desvio: 76.54s
Área - Média: 74.2%, Desvio: 0.78%
Peças - Média: 16.0, Desvio: 0.63
----------------------------------------------------------------------------------------------------------------------------------------------------------------------------------------------

----------------------------------------------------------------------------------------------------------------------------------------------------------------------------------------------
RESULTADOS RANDOM KEY:
Random Key Execução 1: Tempo: 530.31s, Area: 73.93%, Peças: 17/19, Fecho: 93.0%, Box: 99.0%
Peças Random Key 1: [[(-162, -75), (-173, -75), (-174, -68), (-198, -65), (-192, -26), (-180, -26), (-180, -35), (-152, -38), (-152, -49), (-159, -49)], [(201, 10), (186, -4), (188, -59), (-42, -67), (-182, -31), (-175, 11), (-160, -4)], [(5, 2), (-169, 5), (-169, 13), (-160, 17), (-104, 12), (5, 13)], [(209, 84), (201, 10), (-166, 36), (-158, 71), (36, 100)], [(-168, 64), (-166, 53), (-174, 52), (-169, 12), (-183, 10), (-196, 13), (-198, 24), (-193, 24), (-199, 63), (-186, 64), (-186, 61), (-181, 61), (-178, 65)], [(81, 120), (76, 120), (74, 102), (69, 99), (36, 100), (20, 115), (18, 129), (36, 137), (73, 137), (76, 129), (81, 128)], [(-70, 93), (-69, 98), (-61, 100), (-61, 114), (-53, 114), (-53, 108), (4, 107), (23, 111), (29, 106), (28, 98), (-15, 101), (-58, 91)], [(148, 99), (135, 91), (80, 109), (83, 145), (96, 144), (97, 137), (124, 134), (148, 103)], [(17, 132), (10, 109), (1, 109), (1, 116), (-191, 112), (-185, 146), (-149, 145), (-135, 152), (-44, 152)], [(-62, 113), (-61, 102), (-73, 102), (-91, 81), (-137, 77), (-138, 91), (-131, 91), (-133, 111), (-118, 112), (-118, 103), (-82, 102)], [(84, 182), (82, 142), (73, 142), (73, 149), (-119, 154), (-112, 173), (-59, 188)], [(100, 183), (91, 179), (82, 183), (-71, 188), (-71, 199), (100, 194)], [(97, 137), (97, 149), (104, 150), (112, 199), (124, 198), (124, 195), (181, 194), (181, 182), (172, 181), (167, 130), (156, 131), (156, 136)], [(-138, 80), (-145, 78), (-145, 73), (-155, 73), (-155, 80), (-188, 80), (-188, 91), (-180, 98), (-171, 98), (-170, 91), (-149, 91), (-148, 93), (-138, 91)], [(-92, -67), (-104, -71), (-128, -60), (-157, -62), (-158, -51), (-151, -47), (-149, -41), (-138, -42), (-138, -48), (-89, -54)], [(163, 96), (171, 173), (187, 188), (189, 200), (199, 200), (208, 189), (202, 171), (204, 105), (210, 104), (210, 99), (200, 93), (189, 93), (189, 98)], [(-176, 153), (-179, 181), (-173, 189), (-137, 188), (-137, 186), (-122, 184), (-119, 180), (-114, 179), (-115, 169), (-119, 169), (-122, 163), (-125, 163), (-135, 152), (-172, 151)]]

Random Key Execução 2: Tempo: 526.88s, Area: 77.1%, Peças: 17/19, Fecho: 92.0%, Box: 96.0%
Peças Random Key 2: [[(-199, -64), (-184, -49), (-186, 5), (44, 14), (184, -22), (177, -64), (162, -49)], [(173, 18), (202, 21), (210, 15), (208, -21), (206, -21), (204, -36), (200, -39), (199, -44), (189, -43), (189, -39), (183, -36), (183, -33), (172, -23), (171, 14)], [(177, 69), (169, -5), (-198, 21), (-190, 56), (4, 85)], [(198, 130), (198, 118), (192, 118), (195, 64), (183, 64), (168, 72), (126, 72), (130, 91), (125, 137), (138, 137), (138, 130)], [(128, 105), (128, 95), (102, 83), (101, 75), (16, 83), (15, 100), (25, 100), (26, 115), (42, 114), (42, 108), (109, 108), (117, 114)], [(-190, 98), (-183, 121), (-174, 121), (-174, 114), (18, 117), (12, 83), (-24, 85), (-38, 78), (-129, 78)], [(112, 148), (110, 108), (101, 108), (101, 115), (-91, 120), (-84, 139), (-31, 154)], [(-90, 115), (-167, 123), (-182, 139), (-194, 141), (-194, 151), (-183, 160), (-165, 154), (-98, 156), (-97, 162), (-92, 162), (-87, 152), (-87, 141), (-91, 141)], [(-90, 157), (-90, 168), (-84, 169), (-80, 193), (-41, 187), (-42, 175), (-51, 175), (-54, 147), (-65, 147), (-65, 154)], [(-91, 177), (-96, 177), (-98, 159), (-103, 156), (-136, 157), (-152, 172), (-154, 186), (-136, 194), (-99, 194), (-96, 186), (-91, 185)], [(-132, 65), (-144, 61), (-168, 72), (-197, 70), (-198, 81), (-191, 85), (-189, 91), (-178, 90), (-178, 84), (-129, 78)], [(-53, 166), (-44, 169), (-35, 166), (118, 160), (118, 149), (-53, 155)], [(-200, -4), (-199, 1), (-191, 3), (-191, 17), (-183, 17), (-183, 11), (-126, 10), (-107, 14), (-101, 9), (-102, 1), (-145, 4), (-188, -6)], [(118, 138), (118, 150), (125, 151), (133, 200), (145, 199), (145, 196), (202, 195), (202, 183), (193, 182), (188, 131), (177, 132), (177, 137)], [(130, 198), (131, 187), (119, 187), (101, 166), (55, 162), (54, 176), (61, 176), (59, 196), (74, 197), (74, 188), (110, 187)], [(9, 176), (2, 174), (2, 169), (-8, 169), (-8, 176), (-41, 176), (-41, 187), (-33, 194), (-24, 194), (-23, 187), (-2, 187), (-1, 189), (9, 187)], [(213, 195), (209, 21), (201, 21), (197, 30), (203, 86), (202, 195)]]

Random Key Execução 3: Tempo: 611.68s, Area: 74.58%, Peças: 18/19, Fecho: 92.0%, Box: 100.0%
Peças Random Key 3: [[(175, -1), (167, -75), (-200, -49), (-192, -14), (2, 15)], [(211, -40), (182, -43), (174, -37), (175, -1), (177, -1), (180, 14), (184, 17), (185, 22), (195, 21), (195, 17), (201, 14), (201, 11), (212, 1), (213, -36)], [(-197, 7), (-182, 22), (-184, 76), (46, 85), (186, 49), (179, 7), (164, 22)], [(167, 91), (178, 91), (179, 85), (203, 81), (197, 42), (185, 42), (185, 51), (157, 55), (157, 66), (164, 66)], [(87, 101), (80, 78), (71, 78), (71, 85), (-121, 81), (-115, 115), (-79, 114), (-65, 121), (26, 121)], [(152, 68), (139, 60), (84, 78), (87, 114), (100, 113), (101, 106), (128, 103), (152, 72)], [(-121, 79), (-132, 77), (-133, 85), (-173, 79), (-175, 93), (-172, 106), (-161, 108), (-161, 103), (-122, 109), (-121, 97), (-124, 97), (-124, 92), (-120, 89)], [(-101, 171), (-101, 159), (-108, 158), (-116, 109), (-128, 110), (-128, 113), (-185, 114), (-185, 126), (-176, 127), (-172, 178), (-160, 177), (-160, 172)], [(-43, 121), (-55, 121), (-55, 127), (-109, 123), (-109, 135), (-101, 150), (-101, 192), (-82, 188), (-36, 193), (-36, 181), (-43, 181)], [(69, 149), (69, 139), (43, 127), (42, 119), (-43, 127), (-44, 144), (-34, 144), (-33, 159), (-17, 158), (-17, 152), (50, 152), (58, 158)], [(30, 165), (18, 161), (-6, 172), (-35, 170), (-36, 181), (-29, 185), (-27, 191), (-16, 190), (-16, 184), (33, 178)], [(140, 151), (141, 140), (129, 140), (111, 119), (65, 115), (64, 129), (71, 129), (69, 149), (84, 150), (84, 141), (120, 140)], [(186, 123), (181, 123), (179, 105), (174, 102), (141, 103), (125, 118), (123, 132), (141, 140), (178, 140), (181, 132), (186, 131)], [(34, 199), (111, 191), (126, 175), (138, 173), (138, 163), (126, 154), (108, 160), (42, 158), (41, 152), (36, 152), (31, 162), (31, 173), (35, 173)], [(200, 82), (195, 83), (193, 91), (179, 91), (179, 99), (185, 99), (187, 156), (183, 175), (188, 181), (196, 180), (193, 137), (203, 94)], [(-101, 178), (-108, 176), (-108, 171), (-118, 171), (-118, 178), (-151, 178), (-151, 189), (-143, 196), (-134, 196), (-133, 189), (-112, 189), (-111, 191), (-101, 189)], [(-183, 185), (-180, 176), (-183, 167), (-189, 14), (-200, 14), (-194, 185)], [(213, 185), (209, 11), (201, 11), (197, 20), (203, 76), (202, 185)]]

Random Key Execução 4: Tempo: 530.42s, Area: 74.48%, Peças: 17/19, Fecho: 95.0%, Box: 99.0%
Peças Random Key 4: [[(-195, -68), (-193, -29), (-184, -29), (-184, -36), (8, -40), (1, -59), (-52, -75)], [(-189, -24), (-15, -28), (-15, -36), (-24, -39), (-80, -34), (-189, -35)], [(73, -32), (74, -43), (62, -43), (44, -64), (-2, -68), (-3, -54), (4, -54), (2, -34), (17, -33), (17, -42), (53, -43)], [(132, -72), (120, -72), (120, -66), (66, -70), (66, -58), (74, -43), (74, -1), (93, -5), (139, 0), (139, -12), (132, -12)], [(50, -33), (38, -37), (14, -26), (-15, -28), (-16, -17), (-9, -13), (-7, -7), (4, -8), (4, -14), (53, -20)], [(-180, 8), (-172, 81), (195, 55), (187, 20), (-7, -8)], [(-172, 81), (-157, 96), (-159, 150), (71, 159), (211, 123), (204, 81), (189, 96)], [(168, 15), (170, 4), (162, 3), (167, -37), (153, -39), (140, -36), (138, -25), (143, -25), (137, 14), (150, 15), (150, 12), (155, 12), (158, 16)], [(-23, -20), (-30, -22), (-30, -27), (-40, -27), (-40, -20), (-73, -20), (-73, -9), (-65, -2), (-56, -2), (-55, -9), (-34, -9), (-33, -7), (-23, -9)], [(113, 176), (106, 153), (97, 153), (97, 160), (-95, 156), (-89, 190), (-53, 189), (-39, 196), (52, 196)], [(-166, 87), (-176, 88), (-188, 113), (-196, 114), (-188, 199), (-171, 200), (-171, 190), (-156, 189), (-157, 173), (-163, 173), (-163, 107), (-157, 99)], [(163, -70), (171, 7), (187, 22), (189, 34), (199, 34), (208, 23), (202, 5), (204, -61), (210, -62), (210, -67), (200, -73), (189, -73), (189, -68)], [(204, 70), (195, 66), (186, 70), (33, 75), (33, 86), (204, 81)], [(-172, -23), (-171, -18), (-163, -16), (-163, -2), (-155, -2), (-155, -8), (-98, -9), (-79, -5), (-73, -10), (-74, -18), (-117, -15), (-160, -25)], [(-153, 161), (-156, 189), (-150, 197), (-114, 196), (-114, 194), (-99, 192), (-96, 188), (-91, 187), (-92, 177), (-96, 177), (-99, 171), (-102, 171), (-112, 160), (-149, 159)], [(144, 143), (133, 143), (132, 150), (108, 153), (114, 192), (126, 192), (126, 183), (154, 180), (154, 169), (147, 169)], [(210, 157), (205, 157), (203, 139), (198, 136), (165, 137), (149, 152), (147, 166), (165, 174), (202, 174), (205, 166), (210, 165)]]

Random Key Execução 5: Tempo: 536.0s, Area: 75.62%, Peças: 17/19, Fecho: 95.0%, Box: 97.0%
Peças Random Key 5: [[(-199, -64), (-184, -49), (-186, 5), (44, 14), (184, -22), (177, -64), (162, -49)], [(180, -69), (178, -58), (186, -57), (180, -17), (195, -15), (208, -18), (210, -29), (204, -29), (210, -68), (198, -69), (198, -66), (193, -66), (190, -70)], [(187, -2), (182, -2), (180, -20), (175, -23), (142, -22), (126, -7), (124, 7), (142, 15), (179, 15), (182, 7), (187, 6)], [(188, 88), (180, 14), (-187, 40), (-179, 75), (15, 104)], [(4, 4), (-8, 0), (-32, 11), (-61, 9), (-62, 20), (-55, 24), (-53, 30), (-42, 29), (-42, 23), (7, 17)], [(93, 121), (86, 98), (77, 98), (77, 105), (-115, 101), (-109, 135), (-73, 134), (-59, 141), (32, 141)], [(53, 141), (44, 137), (35, 141), (-118, 146), (-118, 157), (53, 152)], [(-125, 83), (-137, 83), (-137, 89), (-191, 85), (-191, 97), (-183, 112), (-183, 154), (-164, 150), (-118, 155), (-118, 143), (-125, 143)], [(172, 154), (172, 142), (165, 141), (157, 92), (145, 93), (145, 96), (88, 97), (88, 109), (97, 110), (101, 161), (113, 160), (113, 155)], [(63, 186), (61, 146), (52, 146), (52, 153), (-140, 158), (-133, 177), (-80, 192)], [(97, 136), (86, 136), (85, 143), (61, 146), (67, 185), (79, 185), (79, 176), (107, 173), (107, 162), (100, 162)], [(-199, -4), (-198, 1), (-190, 3), (-190, 17), (-182, 17), (-182, 11), (-125, 10), (-106, 14), (-100, 9), (-101, 1), (-144, 4), (-187, -6)], [(-117, 17), (-124, 15), (-124, 10), (-134, 10), (-134, 17), (-167, 17), (-167, 28), (-159, 35), (-150, 35), (-149, 28), (-128, 28), (-127, 30), (-117, 28)], [(204, 92), (175, 89), (167, 95), (168, 131), (170, 131), (173, 146), (177, 149), (178, 154), (188, 153), (188, 149), (194, 146), (194, 143), (205, 133), (206, 96)], [(196, 152), (119, 160), (104, 176), (92, 178), (92, 188), (103, 197), (121, 191), (188, 193), (189, 199), (194, 199), (199, 189), (199, 178), (195, 178)], [(-201, 2), (-197, 176), (-189, 176), (-186, 167), (-191, 111), (-190, 2)], [(-111, 199), (-110, 188), (-122, 188), (-140, 167), (-186, 163), (-187, 177), (-180, 177), (-182, 197), (-167, 198), (-167, 189), (-131, 188)]]


Estatísticas Random Key:
Tempo - Média: 547.06s, Desvio: 32.44s
Área - Média: 75.14%, Desvio: 1.12%
Peças - Média: 17.2, Desvio: 0.4
----------------------------------------------------------------------------------------------------------------------------------------------------------------------------------------------

