==============================================================================================================================================================================================
RESULTADOS GERAIS: 27/01/2025 10:25
==============================================================================================================================================================================================


||||||||||||||||||||||||||||||||||||||||||||||||||||||||||||||||||||||||||||||||||||||||||||||||||||||||||||||||||||||||||||||||||||||||||||||||||||||||||||||||||||||||||||||||||||||||||||||
Instância: embraer_3274
Data e Hora: 27/01/2025 10:25
Margem: True
{'dimensoes': ['50', '60', '70', '80'], 'algoritmos': {'GCG': 1, 'GRASP': 0, 'GRASP_GCG': 0, 'Random_Key': 0}, 'num_execucoes': 1}
||||||||||||||||||||||||||||||||||||||||||||||||||||||||||||||||||||||||||||||||||||||||||||||||||||||||||||||||||||||||||||||||||||||||||||||||||||||||||||||||||||||||||||||||||||||||||||||


==============================================================================================================================================================================================
Dimensão: (546, 364)
Máximo: 50%
Tempo pré-processamento NFPs: 10.04s
==============================================================================================================================================================================================

----------------------------------------------------------------------------------------------------------------------------------------------------------------------------------------------
RESULTADOS GCG:
GCG: Tempo: 221.75s, Area: 49.9%, Peças: 16/16, Fecho: 61.0%, Box: 88.0%
Peças GCG: [[(-162, -164), (-199, -105), (-142, 172), (-73, 170), (-56, -45), (-120, -144)], [(-27, -164), (-49, -160), (-53, 126), (-27, 129)], [(-6, -164), (-23, -160), (-26, 126), (-13, 131), (-2, 126)], [(13, -164), (0, -142), (-2, -46), (2, -39), (85, -83), (84, -98), (65, -138)], [(107, -164), (86, -131), (94, -37), (177, -82), (172, -107), (153, -139)], [(183, -164), (178, -68), (192, -44), (201, -42), (246, -67), (266, -105), (267, -117), (195, -163)], [(267, -164), (273, -79), (292, -53), (306, -53), (314, -63), (322, -159)], [(-78, -43), (-180, -45), (-197, -36), (-200, -26), (-178, 14), (-136, 38), (-125, 40), (-116, 33)], [(-136, -139), (-188, -136), (-197, -103), (-196, -59), (-148, -57), (-134, -103)], [(-116, -94), (-116, -104), (-146, -130), (-185, -133), (-195, -131), (-198, -105), (-195, -93), (-119, -90)], [(-199, -24), (-192, -17), (-121, -23), (-117, -35), (-122, -61), (-131, -63), (-167, -58), (-199, -34)], [(-131, -130), (-140, -142), (-178, -141), (-197, -123), (-197, -103), (-194, -99), (-176, -97), (-133, -99), (-130, -102)], [(-132, -4), (-132, -35), (-136, -38), (-197, -36), (-200, -33), (-197, -13), (-179, 2), (-142, 5)], [(-148, -77), (-151, -121), (-190, -121), (-198, -118), (-194, -77), (-191, -73)], [(-192, -130), (-198, -107), (-196, -99), (-151, -90), (-144, -91), (-135, -114), (-137, -124), (-183, -132)], [(-128, -46), (-131, -50), (-178, -43), (-200, -33), (-200, -28), (-191, -23), (-128, -21)]]
----------------------------------------------------------------------------------------------------------------------------------------------------------------------------------------------


==============================================================================================================================================================================================
Dimensão: (498, 332)
Máximo: 60%
Tempo pré-processamento NFPs: 10.04s
==============================================================================================================================================================================================

