==============================================================================================================================================================================================
RESULTADOS GERAIS: 27/01/2025 10:40
==============================================================================================================================================================================================


||||||||||||||||||||||||||||||||||||||||||||||||||||||||||||||||||||||||||||||||||||||||||||||||||||||||||||||||||||||||||||||||||||||||||||||||||||||||||||||||||||||||||||||||||||||||||||||
Instância: embraer_3274
Data e Hora: 27/01/2025 10:40
Margem: True
{'dimensoes': ['50', '60', '70', '80'], 'algoritmos': {'GCG': 1, 'GRASP': 0, 'GRASP_GCG': 0, 'Random_Key': 0}, 'num_execucoes': 1}
||||||||||||||||||||||||||||||||||||||||||||||||||||||||||||||||||||||||||||||||||||||||||||||||||||||||||||||||||||||||||||||||||||||||||||||||||||||||||||||||||||||||||||||||||||||||||||||


==============================================================================================================================================================================================
Dimensão: (546, 364)
Máximo: 50%
Tempo pré-processamento NFPs: 10.16s
==============================================================================================================================================================================================

----------------------------------------------------------------------------------------------------------------------------------------------------------------------------------------------
RESULTADOS GCG:
GCG: Tempo: 628.11s, Area: 49.93%, Peças: 16/16, Fecho: 73.0%, Box: 82.0%
Peças GCG: [[(-162, -164), (-199, -105), (-142, 172), (-73, 170), (-56, -45), (-120, -144)], [(-172, 83), (-168, 80), (-175, 33), (-185, 11), (-190, 11), (-195, 20), (-197, 83)], [(-191, 89), (-198, 95), (-192, 166), (-180, 170), (-154, 166), (-152, 157), (-157, 121), (-181, 88)], [(-34, -164), (-55, -131), (-47, -37), (36, -82), (31, -107), (12, -139)], [(28, 58), (33, -38), (19, -62), (10, -64), (-35, -38), (-55, 0), (-56, 12), (16, 58)], [(-49, 30), (-51, 132), (-42, 149), (-32, 152), (8, 130), (32, 89), (34, 78), (27, 69)], [(8, 197), (14, 173), (12, 165), (-33, 157), (-40, 158), (-49, 181), (-47, 191), (-1, 198)], [(149, -164), (64, -158), (38, -139), (38, -125), (48, -117), (145, -109)], [(50, -105), (50, -95), (80, -69), (119, -66), (129, -68), (132, -94), (128, -106), (53, -109)], [(41, -29), (50, -18), (88, -18), (107, -37), (107, -57), (104, -61), (86, -63), (43, -60), (40, -57)], [(121, 89), (134, 66), (136, -30), (132, -37), (49, 8), (50, 23), (69, 63)], [(37, 80), (40, 132), (73, 141), (117, 141), (119, 93), (73, 78)], [(106, 180), (106, 149), (102, 146), (41, 148), (38, 151), (41, 171), (59, 186), (96, 189)], [(177, -164), (155, -160), (151, 126), (177, 129)], [(199, -164), (182, -160), (179, 126), (192, 131), (203, 126)], [(247, -164), (203, -161), (203, -122), (206, -114), (247, -118), (251, -121)]]
----------------------------------------------------------------------------------------------------------------------------------------------------------------------------------------------


==============================================================================================================================================================================================
Dimensão: (498, 332)
Máximo: 60%
Tempo pré-processamento NFPs: 10.16s
==============================================================================================================================================================================================

----------------------------------------------------------------------------------------------------------------------------------------------------------------------------------------------
RESULTADOS GCG:
GCG: Tempo: 472.74s, Area: 45.39%, Peças: 11/16, Fecho: 88.0%, Box: 95.0%
Peças GCG: [[(-179, -132), (-200, -99), (-192, -5), (-109, -50), (-114, -75), (-133, -107)], [(-116, 90), (-111, -6), (-125, -30), (-134, -32), (-179, -6), (-199, 32), (-200, 44), (-128, 90)], [(-193, 62), (-195, 164), (-186, 181), (-176, 184), (-136, 162), (-112, 121), (-110, 110), (-117, 101)], [(-108, -26), (-49, 11), (228, -45), (226, -114), (11, -132), (-88, -68)], [(-101, 38), (-98, 42), (-51, 36), (-29, 26), (-29, 21), (-38, 16), (-101, 13)], [(-20, 48), (-27, 41), (-98, 47), (-102, 59), (-98, 85), (-89, 87), (-53, 82), (-20, 58)], [(-105, 124), (-96, 135), (-58, 135), (-39, 116), (-39, 96), (-42, 92), (-60, 90), (-103, 93), (-106, 96)], [(-33, 173), (-33, 142), (-37, 139), (-98, 141), (-101, 144), (-98, 164), (-80, 179), (-43, 182)], [(293, -132), (241, -129), (232, -96), (233, -52), (281, -50), (295, -96)], [(233, -47), (239, 38), (258, 64), (272, 64), (280, 54), (288, -42)], [(237, 149), (247, 149), (273, 119), (276, 80), (274, 70), (248, 67), (236, 70), (233, 146)]]
----------------------------------------------------------------------------------------------------------------------------------------------------------------------------------------------


==============================================================================================================================================================================================
Dimensão: (461, 307)
Máximo: 70%
Tempo pré-processamento NFPs: 10.16s
==============================================================================================================================================================================================

