==============================================================================================================================================================================================
RESULTADOS GERAIS: 23/01/2025 16:50
==============================================================================================================================================================================================


||||||||||||||||||||||||||||||||||||||||||||||||||||||||||||||||||||||||||||||||||||||||||||||||||||||||||||||||||||||||||||||||||||||||||||||||||||||||||||||||||||||||||||||||||||||||||||||
Instância: embraer_3274
Data e Hora: 23/01/2025 16:50
Margem: True
{'dimensoes': ['50', '60', '70'], 'algoritmos': {'GCG': 1, 'GRASP': 0, 'GRASP_GCG': 0, 'Random_Key': 0}, 'num_execucoes': 1}
||||||||||||||||||||||||||||||||||||||||||||||||||||||||||||||||||||||||||||||||||||||||||||||||||||||||||||||||||||||||||||||||||||||||||||||||||||||||||||||||||||||||||||||||||||||||||||||


==============================================================================================================================================================================================
Dimensão: (546, 364)
Máximo: 50%
Tempo pré-processamento NFPs: 9.68s
==============================================================================================================================================================================================

----------------------------------------------------------------------------------------------------------------------------------------------------------------------------------------------
RESULTADOS GCG:
GCG: Tempo: 122.27s, Area: 49.96%, Peças: 16/16, Fecho: 78.0%, Box: 89.0%
Peças GCG: [[(-200, -58), (-141, -21), (136, -77), (134, -146), (-81, -164), (-180, -100)], [(-200, -139), (-197, -135), (-150, -141), (-128, -151), (-128, -156), (-137, -161), (-200, -164)], [(-200, -15), (-200, 16), (-196, 19), (-135, 18), (-132, 15), (-135, -5), (-153, -20), (-190, -24)], [(-118, 33), (-125, 26), (-196, 32), (-200, 44), (-196, 70), (-187, 72), (-151, 67), (-118, 43)], [(-199, 115), (-190, 126), (-152, 126), (-133, 107), (-133, 87), (-136, 83), (-154, 81), (-197, 84), (-200, 87)], [(-3, -3), (-36, -24), (-130, -16), (-85, 67), (-59, 62), (-27, 43)], [(-125, 56), (-130, 152), (-116, 176), (-107, 178), (-62, 153), (-42, 115), (-41, 103), (-113, 57)], [(-143, 175), (-137, 151), (-139, 143), (-184, 135), (-191, 136), (-200, 159), (-198, 169), (-152, 176)], [(72, 59), (-30, 57), (-47, 66), (-50, 76), (-28, 116), (14, 140), (25, 142), (34, 135)], [(115, -28), (92, -41), (-4, -43), (-11, -39), (33, 44), (48, 43), (89, 24)], [(-46, 186), (-2, 183), (-2, 144), (-5, 136), (-46, 141), (-50, 144)], [(69, 116), (59, 116), (33, 146), (30, 185), (32, 195), (58, 198), (70, 195), (73, 120)], [(80, 36), (86, 121), (105, 147), (119, 147), (127, 137), (135, 41)], [(197, -164), (175, -160), (171, 126), (197, 129)], [(221, -164), (204, -160), (201, 126), (214, 131), (225, 126)], [(289, -164), (237, -161), (228, -128), (229, -84), (277, -82), (291, -128)]]
----------------------------------------------------------------------------------------------------------------------------------------------------------------------------------------------


==============================================================================================================================================================================================
Dimensão: (498, 332)
Máximo: 60%
Tempo pré-processamento NFPs: 9.68s
==============================================================================================================================================================================================

----------------------------------------------------------------------------------------------------------------------------------------------------------------------------------------------
RESULTADOS GCG:
GCG: Tempo: 106.77s, Area: 40.73%, Peças: 15/16, Fecho: 65.0%, Box: 74.0%
Peças GCG: [[(-200, -128), (-196, -111), (90, -107), (95, -120), (90, -132)], [(-200, -102), (-196, -80), (90, -75), (93, -102)], [(-200, -47), (-197, -43), (-150, -49), (-128, -59), (-128, -64), (-137, -69), (-200, -72)], [(-73, -21), (-106, -42), (-200, -34), (-155, 49), (-129, 44), (-97, 25)], [(-166, 104), (-155, 95), (-155, 57), (-174, 38), (-194, 38), (-198, 41), (-200, 59), (-197, 102), (-194, 105)], [(-145, 58), (-150, 154), (-136, 178), (-127, 180), (-82, 155), (-62, 117), (-61, 105), (-133, 59)], [(35, -57), (12, -70), (-84, -72), (-91, -68), (-47, 15), (-32, 14), (9, -5)], [(22, 31), (-80, 29), (-97, 38), (-100, 48), (-78, 88), (-36, 112), (-25, 114), (-16, 107)], [(-161, 198), (-154, 191), (-160, 120), (-172, 116), (-198, 120), (-200, 129), (-195, 166), (-171, 198)], [(-61, 188), (-30, 188), (-27, 184), (-29, 123), (-32, 120), (-52, 123), (-67, 141), (-70, 178)], [(19, 88), (9, 88), (-17, 118), (-20, 157), (-18, 167), (8, 170), (20, 167), (23, 92)], [(91, -52), (39, -49), (30, -16), (31, 28), (79, 30), (93, -16)], [(30, 38), (36, 123), (55, 149), (69, 149), (77, 139), (85, 43)], [(77, 197), (83, 173), (81, 165), (36, 157), (29, 158), (20, 181), (22, 191), (68, 198)], [(168, -132), (124, -129), (124, -90), (127, -82), (168, -86), (172, -89)]]
----------------------------------------------------------------------------------------------------------------------------------------------------------------------------------------------


==============================================================================================================================================================================================
Dimensão: (461, 307)
Máximo: 70%
Tempo pré-processamento NFPs: 9.68s
==============================================================================================================================================================================================

----------------------------------------------------------------------------------------------------------------------------------------------------------------------------------------------
RESULTADOS GCG:
GCG: Tempo: 117.53s, Area: 59.99%, Peças: 14/16, Fecho: 89.0%, Box: 90.0%
Peças GCG: [[(-200, -1), (-141, 36), (136, -20), (134, -89), (-81, -107), (-180, -43)], [(-200, -82), (-197, -78), (-150, -84), (-128, -94), (-128, -99), (-137, -104), (-200, -107)], [(-200, 42), (-200, 73), (-196, 76), (-135, 75), (-132, 72), (-135, 52), (-153, 37), (-190, 33)], [(-118, 90), (-125, 83), (-196, 89), (-200, 101), (-196, 127), (-187, 129), (-151, 124), (-118, 100)], [(-3, 54), (-36, 33), (-130, 41), (-85, 124), (-59, 119), (-27, 100)], [(-199, 172), (-190, 183), (-152, 183), (-133, 164), (-133, 144), (-136, 140), (-154, 138), (-197, 141), (-200, 144)], [(-129, 187), (-105, 193), (-97, 191), (-89, 146), (-90, 139), (-113, 130), (-123, 132), (-130, 178)], [(-76, 173), (-32, 170), (-32, 131), (-35, 123), (-76, 128), (-80, 131)], [(-30, 120), (72, 122), (89, 113), (92, 103), (69, 63), (28, 39), (17, 37), (8, 44)], [(94, 73), (104, 73), (130, 43), (133, 4), (131, -6), (105, -9), (93, -6), (90, 70)], [(-20, 183), (65, 177), (91, 158), (90, 144), (80, 136), (-16, 128)], [(197, -107), (175, -103), (171, 183), (197, 186)], [(221, -107), (204, -103), (201, 183), (214, 188), (225, 183)], [(161, 73), (109, 76), (100, 109), (101, 153), (149, 155), (163, 109)]]
----------------------------------------------------------------------------------------------------------------------------------------------------------------------------------------------


||||||||||||||||||||||||||||||||||||||||||||||||||||||||||||||||||||||||||||||||||||||||||||||||||||||||||||||||||||||||||||||||||||||||||||||||||||||||||||||||||||||||||||||||||||||||||||||
Instância: embraer_3153
Data e Hora: 23/01/2025 16:50
Margem: True
{'dimensoes': ['50', '60', '70'], 'algoritmos': {'GCG': 1, 'GRASP': 0, 'GRASP_GCG': 0, 'Random_Key': 0}, 'num_execucoes': 1}
||||||||||||||||||||||||||||||||||||||||||||||||||||||||||||||||||||||||||||||||||||||||||||||||||||||||||||||||||||||||||||||||||||||||||||||||||||||||||||||||||||||||||||||||||||||||||||||


==============================================================================================================================================================================================
Dimensão: (553, 369)
Máximo: 50%
Tempo pré-processamento NFPs: 10.51s
==============================================================================================================================================================================================

----------------------------------------------------------------------------------------------------------------------------------------------------------------------------------------------
RESULTADOS GCG:
GCG: Tempo: 185.64s, Area: 50.01%, Peças: 17/17, Fecho: 86.0%, Box: 90.0%
Peças GCG: [[(-200, -169), (-193, -129), (-50, -127), (7, -145), (4, -169)], [(-48, -114), (-199, -116), (-199, 62), (-170, 100), (-153, 97), (-56, -58)], [(-179, 101), (-200, 101), (-200, 134), (-184, 134), (-179, 129)], [(-179, 141), (-197, 141), (-200, 144), (-199, 187), (-196, 190), (-178, 190), (-176, 187), (-176, 144)], [(-136, 111), (-167, 111), (-170, 115), (-168, 176), (-165, 179), (-145, 176), (-130, 158), (-127, 121)], [(-81, 21), (-91, 21), (-117, 51), (-120, 90), (-118, 100), (-92, 103), (-80, 100), (-77, 25)], [(-38, -49), (-53, -49), (-70, -25), (-70, 63), (-30, 60), (-27, -36)], [(-120, 111), (-120, 179), (-117, 182), (-48, 168), (-51, 111)], [(-29, -125), (-40, -116), (-40, -78), (-21, -59), (-1, -59), (3, -62), (4, -80), (2, -123), (-1, -126)], [(-18, 71), (-33, 73), (-39, 78), (-39, 165), (-32, 169), (-25, 167), (-9, 78)], [(28, -164), (32, -123), (236, -130), (236, -151), (178, -169), (33, -169)], [(120, -112), (113, -119), (42, -113), (38, -101), (42, -75), (51, -73), (87, -78), (120, -102)], [(38, -59), (54, 87), (122, 156), (164, -54)], [(210, -61), (207, -113), (174, -121), (130, -121), (128, -73), (174, -59)], [(193, 171), (187, 86), (168, 60), (154, 60), (146, 70), (138, 167)], [(285, -169), (263, -165), (259, 121), (285, 124)], [(309, -169), (292, -165), (289, 121), (302, 126), (313, 121)]]
----------------------------------------------------------------------------------------------------------------------------------------------------------------------------------------------


==============================================================================================================================================================================================
Dimensão: (505, 336)
Máximo: 60%
Tempo pré-processamento NFPs: 10.51s
==============================================================================================================================================================================================

----------------------------------------------------------------------------------------------------------------------------------------------------------------------------------------------
RESULTADOS GCG:
GCG: Tempo: 171.58s, Area: 49.8%, Peças: 16/17, Fecho: 75.0%, Box: 80.0%
Peças GCG: [[(-200, -132), (-196, -115), (90, -111), (95, -124), (90, -136)], [(-200, -106), (-196, -84), (90, -79), (93, -106)], [(-200, -73), (-193, -33), (-50, -31), (7, -49), (4, -73)], [(-200, -23), (-200, -5), (-197, -2), (-154, -2), (-151, -5), (-151, -23), (-154, -26), (-197, -26)], [(11, -21), (-140, -23), (-140, 155), (-111, 193), (-94, 190), (3, 35)], [(-200, 4), (-194, 89), (-175, 115), (-161, 115), (-153, 105), (-145, 9)], [(-193, 115), (-200, 121), (-194, 192), (-182, 196), (-156, 192), (-154, 183), (-159, 147), (-183, 114)], [(61, -66), (20, -62), (28, 142), (49, 142), (66, 84), (66, -61)], [(2, 74), (-13, 74), (-30, 98), (-30, 186), (10, 183), (13, 87)], [(-37, 185), (-37, 164), (-70, 164), (-70, 180), (-65, 185)], [(69, 154), (84, 152), (90, 147), (90, 60), (83, 56), (76, 58), (60, 147)], [(207, -97), (207, -107), (177, -133), (138, -136), (128, -134), (125, -108), (128, -96), (204, -93)], [(205, -86), (137, -86), (134, -83), (149, -14), (205, -17)], [(202, 25), (202, -6), (198, -9), (137, -7), (134, -4), (137, 16), (155, 31), (192, 34)], [(135, 73), (144, 84), (182, 84), (201, 65), (201, 45), (198, 41), (180, 39), (137, 42), (134, 45)], [(136, 174), (188, 171), (196, 138), (196, 94), (148, 92), (134, 138)]]
----------------------------------------------------------------------------------------------------------------------------------------------------------------------------------------------


==============================================================================================================================================================================================
Dimensão: (467, 312)
Máximo: 70%
Tempo pré-processamento NFPs: 10.51s
==============================================================================================================================================================================================

