==============================================================================================================================================================================================
RESULTADOS GERAIS: 05/02/2025 17:22
==============================================================================================================================================================================================


||||||||||||||||||||||||||||||||||||||||||||||||||||||||||||||||||||||||||||||||||||||||||||||||||||||||||||||||||||||||||||||||||||||||||||||||||||||||||||||||||||||||||||||||||||||||||||||
Instância: embraer_3086
Data e Hora: 05/02/2025 17:22
Margem: True
{'dimensoes': ['50'], 'algoritmos': {'GCG': 0, 'GRASP': 1, 'GRASP_GCG': 0, 'Random_Key': 0}, 'num_execucoes': 3}
||||||||||||||||||||||||||||||||||||||||||||||||||||||||||||||||||||||||||||||||||||||||||||||||||||||||||||||||||||||||||||||||||||||||||||||||||||||||||||||||||||||||||||||||||||||||||||||


==============================================================================================================================================================================================
Dimensão: (631, 421)
Máximo: 50%
Tempo pré-processamento NFPs: 10.93s
==============================================================================================================================================================================================

----------------------------------------------------------------------------------------------------------------------------------------------------------------------------------------------
RESULTADOS GRASP:
GRASP: Tempo: 18.64s, Area: 49.97%, Peças: 17/17, Fecho: 72.63%, Box: 85.74%
Peças GRASP 1: [[(-195, -221), (-200, -125), (-186, -101), (-177, -99), (-132, -124), (-112, -162), (-111, -174), (-183, -220)], [(-104, -13), (-83, -46), (-91, -140), (-174, -94), (-169, -69), (-150, -37)], [(-76, -148), (-78, -46), (-69, -29), (-59, -26), (-19, -48), (5, -89), (7, -100), (0, -109)], [(196, -2), (192, -19), (-94, -22), (-99, -9), (-94, 2)], [(-7, -59), (-7, -28), (-3, -25), (58, -26), (61, -29), (58, -49), (40, -64), (3, -68)], [(158, -97), (135, -110), (39, -112), (32, -108), (76, -25), (91, -26), (132, -45)], [(137, -43), (137, -27), (140, -24), (197, -23), (197, -32), (170, -63), (156, -63)], [(0, -116), (3, -112), (50, -118), (72, -128), (72, -133), (63, -138), (0, -141)], [(-62, -200), (-106, -197), (-106, -158), (-103, -150), (-62, -154), (-58, -157)], [(13, -178), (4, -190), (-34, -189), (-53, -171), (-53, -151), (-50, -147), (-32, -145), (11, -147), (14, -150)], [(24, -183), (18, -160), (20, -152), (65, -143), (72, -144), (81, -167), (79, -177), (33, -185)], [(168, -115), (160, -187), (93, -187), (84, -184), (93, -115)], [(200, 44), (196, 3), (-8, 11), (-8, 32), (50, 49), (195, 49)], [(243, -173), (203, -166), (202, -23), (220, 34), (244, 31)], [(229, 71), (50, 54), (-58, 59), (-150, 78), (-162, 124), (-147, 136), (228, 146)], [(248, -174), (267, 200), (307, 198), (341, 56), (329, -171)], [(-64, 151), (-60, 173), (226, 178), (229, 151)]]

----------------------------------------------------------------------------------------------------------------------------------------------------------------------------------------------


||||||||||||||||||||||||||||||||||||||||||||||||||||||||||||||||||||||||||||||||||||||||||||||||||||||||||||||||||||||||||||||||||||||||||||||||||||||||||||||||||||||||||||||||||||||||||||||
Instância: embraer_3089
Data e Hora: 05/02/2025 17:22
Margem: True
{'dimensoes': ['50'], 'algoritmos': {'GCG': 0, 'GRASP': 1, 'GRASP_GCG': 0, 'Random_Key': 0}, 'num_execucoes': 3}
||||||||||||||||||||||||||||||||||||||||||||||||||||||||||||||||||||||||||||||||||||||||||||||||||||||||||||||||||||||||||||||||||||||||||||||||||||||||||||||||||||||||||||||||||||||||||||||


==============================================================================================================================================================================================
Dimensão: (601, 401)
Máximo: 50%
Tempo pré-processamento NFPs: 10.58s
==============================================================================================================================================================================================

----------------------------------------------------------------------------------------------------------------------------------------------------------------------------------------------
RESULTADOS GRASP:
GRASP: Tempo: 9.81s, Area: 50.01%, Peças: 18/18, Fecho: 65.34%, Box: 76.83%
Peças GRASP 1: [[(-200, -201), (-200, -114), (-153, -113), (-155, -201)], [(-153, -108), (-200, -105), (-185, 33), (-158, 32)], [(-191, 106), (-179, 106), (-155, 81), (-155, 38), (-157, 36), (-187, 38), (-193, 81), (-194, 105)], [(-148, -113), (-148, 115), (-38, 116), (-86, -113)], [(-148, -187), (-148, -119), (-100, -118), (-99, -186)], [(-157, 180), (-38, 167), (-38, 120), (-157, 119)], [(-164, 110), (-176, 110), (-200, 135), (-200, 178), (-198, 180), (-168, 178), (-162, 136), (-161, 112)], [(6, 122), (13, 114), (11, -77), (1, -84), (-35, -84), (-42, -77), (-34, 116), (-27, 123)], [(7, -89), (7, -149), (-15, -171), (-55, -170), (-77, -148), (-76, -89)], [(18, -76), (18, 114), (52, 114), (56, -76)], [(56, 178), (55, 127), (-34, 127), (-32, 175)], [(13, -179), (13, -82), (57, -81), (51, -179)], [(94, 124), (99, 118), (93, -60), (61, -60), (57, 124)], [(68, -178), (62, -171), (62, -73), (69, -65), (107, -65), (114, -75), (121, -171), (114, -178)], [(132, -60), (102, -60), (104, 126), (129, 124)], [(188, -33), (213, -92), (213, -149), (189, -159), (149, -159), (125, -150), (124, -85), (154, -34)], [(141, -29), (137, -23), (138, 81), (165, 103), (194, 100), (213, 82), (214, -23), (208, -29)], [(233, -159), (225, -146), (210, -33), (220, -25), (279, -26), (286, -33), (286, -147), (279, -159)]]

----------------------------------------------------------------------------------------------------------------------------------------------------------------------------------------------


||||||||||||||||||||||||||||||||||||||||||||||||||||||||||||||||||||||||||||||||||||||||||||||||||||||||||||||||||||||||||||||||||||||||||||||||||||||||||||||||||||||||||||||||||||||||||||||
Instância: embraer_3274
Data e Hora: 05/02/2025 17:22
Margem: True
{'dimensoes': ['50'], 'algoritmos': {'GCG': 0, 'GRASP': 1, 'GRASP_GCG': 0, 'Random_Key': 0}, 'num_execucoes': 3}
||||||||||||||||||||||||||||||||||||||||||||||||||||||||||||||||||||||||||||||||||||||||||||||||||||||||||||||||||||||||||||||||||||||||||||||||||||||||||||||||||||||||||||||||||||||||||||||


==============================================================================================================================================================================================
Dimensão: (546, 364)
Máximo: 50%
Tempo pré-processamento NFPs: 9.76s
==============================================================================================================================================================================================

----------------------------------------------------------------------------------------------------------------------------------------------------------------------------------------------
RESULTADOS GRASP:
GRASP: Tempo: 13.4s, Area: 49.94%, Peças: 16/16, Fecho: 76.87%, Box: 81.38%
Peças GRASP 1: [[(-185, -164), (-198, -142), (-200, -46), (-196, -39), (-113, -83), (-114, -98), (-133, -138)], [(-123, 47), (-102, 14), (-110, -80), (-193, -34), (-188, -9), (-169, 23)], [(-96, -62), (-103, -56), (-97, 15), (-85, 19), (-59, 15), (-57, 6), (-62, -30), (-86, -63)], [(-53, 61), (-47, 37), (-49, 29), (-94, 21), (-101, 22), (-110, 45), (-108, 55), (-62, 62)], [(-141, 68), (-141, 78), (-111, 104), (-72, 107), (-62, 105), (-59, 79), (-63, 67), (-138, 64)], [(-157, 97), (-146, 88), (-146, 50), (-165, 31), (-185, 31), (-189, 34), (-191, 52), (-188, 95), (-185, 98)], [(-72, 112), (-168, 107), (-192, 121), (-194, 130), (-169, 175), (-130, 195), (-118, 196), (-72, 124)], [(-58, -71), (-61, -115), (-100, -115), (-108, -112), (-104, -71), (-101, -67)], [(-120, -154), (-120, -123), (-116, -120), (-55, -121), (-52, -124), (-55, -144), (-73, -159), (-110, -163)], [(-58, -66), (-62, -63), (-55, -16), (-45, 6), (-40, 6), (-35, -3), (-33, -66)], [(11, -152), (-41, -149), (-50, -116), (-49, -72), (-1, -70), (13, -116)], [(-28, -66), (-22, 19), (-3, 45), (11, 45), (19, 35), (27, -61)], [(-42, 30), (-44, 132), (-35, 149), (-25, 152), (15, 130), (39, 89), (41, 78), (34, 69)], [(151, 197), (188, 138), (131, -139), (62, -137), (45, 78), (108, 177)], [(219, -151), (197, -147), (193, 139), (219, 142)], [(244, -148), (227, -144), (224, 142), (237, 147), (248, 142)]]

----------------------------------------------------------------------------------------------------------------------------------------------------------------------------------------------


||||||||||||||||||||||||||||||||||||||||||||||||||||||||||||||||||||||||||||||||||||||||||||||||||||||||||||||||||||||||||||||||||||||||||||||||||||||||||||||||||||||||||||||||||||||||||||||
Instância: embraer_3153
Data e Hora: 05/02/2025 17:22
Margem: True
{'dimensoes': ['50'], 'algoritmos': {'GCG': 0, 'GRASP': 1, 'GRASP_GCG': 0, 'Random_Key': 0}, 'num_execucoes': 3}
||||||||||||||||||||||||||||||||||||||||||||||||||||||||||||||||||||||||||||||||||||||||||||||||||||||||||||||||||||||||||||||||||||||||||||||||||||||||||||||||||||||||||||||||||||||||||||||


==============================================================================================================================================================================================
Dimensão: (553, 369)
Máximo: 50%
Tempo pré-processamento NFPs: 10.2s
==============================================================================================================================================================================================

----------------------------------------------------------------------------------------------------------------------------------------------------------------------------------------------
RESULTADOS GRASP:
GRASP: Tempo: 14.55s, Area: 49.94%, Peças: 17/17, Fecho: 69.78%, Box: 83.51%
Peças GRASP 1: [[(-161, -169), (-171, -169), (-197, -139), (-200, -100), (-198, -90), (-172, -87), (-160, -90), (-157, -165)], [(-152, -164), (-154, -13), (24, -13), (62, -41), (59, -58), (-96, -155)], [(-162, -82), (-180, -82), (-183, -79), (-182, -36), (-179, -33), (-161, -33), (-159, -36), (-159, -79)], [(-159, -7), (-159, -28), (-192, -28), (-192, -12), (-187, -7)], [(-154, -8), (-147, 32), (-4, 34), (53, 16), (50, -8)], [(89, 31), (100, 22), (100, -16), (81, -35), (61, -35), (57, -32), (55, -14), (58, 29), (61, 32)], [(93, 76), (89, 35), (-115, 43), (-115, 64), (-57, 81), (88, 81)], [(98, 45), (98, 76), (102, 79), (163, 78), (166, 75), (163, 55), (145, 40), (108, 36)], [(-186, -1), (-193, 5), (-187, 76), (-175, 80), (-149, 76), (-147, 67), (-152, 31), (-176, -2)], [(114, 110), (110, 88), (-176, 84), (-179, 110)], [(-175, 119), (-171, 136), (115, 140), (120, 127), (115, 115)], [(122, 85), (125, 137), (158, 146), (202, 146), (204, 98), (158, 83)], [(121, 166), (119, 151), (114, 145), (27, 145), (23, 152), (25, 159), (114, 175)], [(-90, 154), (-90, 169), (-66, 186), (22, 186), (18, 146), (-78, 143)], [(105, 31), (173, 31), (176, 28), (161, -41), (105, -38)], [(178, -17), (184, 68), (203, 94), (217, 94), (225, 84), (233, -12)], [(66, -40), (212, -56), (280, -124), (70, -166)]]

----------------------------------------------------------------------------------------------------------------------------------------------------------------------------------------------


||||||||||||||||||||||||||||||||||||||||||||||||||||||||||||||||||||||||||||||||||||||||||||||||||||||||||||||||||||||||||||||||||||||||||||||||||||||||||||||||||||||||||||||||||||||||||||||
Instância: embraer_2338
Data e Hora: 05/02/2025 17:22
Margem: True
{'dimensoes': ['50'], 'algoritmos': {'GCG': 0, 'GRASP': 1, 'GRASP_GCG': 0, 'Random_Key': 0}, 'num_execucoes': 3}
||||||||||||||||||||||||||||||||||||||||||||||||||||||||||||||||||||||||||||||||||||||||||||||||||||||||||||||||||||||||||||||||||||||||||||||||||||||||||||||||||||||||||||||||||||||||||||||


==============================================================================================================================================================================================
Dimensão: (672, 448)
Máximo: 50%
Tempo pré-processamento NFPs: 12.97s
==============================================================================================================================================================================================

----------------------------------------------------------------------------------------------------------------------------------------------------------------------------------------------
RESULTADOS GRASP:
GRASP: Tempo: 18.14s, Area: 50.14%, Peças: 19/19, Fecho: 67.33%, Box: 81.46%
Peças GRASP 1: [[(-26, -238), (-29, -248), (-200, -248), (-196, -228), (-31, -226)], [(37, -216), (-197, -223), (-201, -102), (-88, -86), (21, -169)], [(12, -222), (12, -243), (-21, -243), (-21, -227), (-16, -222)], [(38, -223), (41, -219), (88, -225), (110, -235), (110, -240), (101, -245), (38, -248)], [(139, -210), (130, -221), (42, -214), (38, -199), (43, -147), (56, -143), (92, -157), (139, -204)], [(-37, -107), (-30, -100), (41, -106), (45, -118), (40, -144), (31, -146), (-5, -141), (-37, -117)], [(27, -74), (25, -89), (20, -95), (-67, -95), (-71, -88), (-69, -81), (20, -65)], [(121, -145), (49, -137), (49, -70), (52, -61), (121, -70)], [(158, -200), (143, -200), (126, -176), (126, -88), (166, -91), (169, -187)], [(175, -88), (185, -88), (211, -118), (214, -157), (212, -167), (186, -170), (174, -167), (171, -91)], [(240, -72), (238, -77), (131, -84), (123, -62), (130, -57), (240, -61)], [(221, -159), (218, -151), (221, -84), (287, -75), (290, -84), (290, -151)], [(176, -227), (179, -189), (212, -172), (259, -172), (295, -191), (294, -224), (260, -246), (212, -246)], [(403, -66), (405, -186), (296, -186), (295, -65)], [(300, -191), (385, -197), (411, -216), (410, -230), (400, -238), (304, -246)], [(403, -61), (29, -43), (31, -3), (173, 32), (400, 20)], [(26, -30), (21, -41), (-5, -64), (-15, -65), (-72, -33), (-72, -27), (-48, 0), (-3, 0), (26, -23)], [(431, -16), (430, -190), (414, -190), (410, -186), (412, -22)], [(460, 48), (281, 31), (173, 36), (81, 55), (69, 101), (84, 113), (459, 123)]]

----------------------------------------------------------------------------------------------------------------------------------------------------------------------------------------------


||||||||||||||||||||||||||||||||||||||||||||||||||||||||||||||||||||||||||||||||||||||||||||||||||||||||||||||||||||||||||||||||||||||||||||||||||||||||||||||||||||||||||||||||||||||||||||||
Instância: embraer_610
Data e Hora: 05/02/2025 17:22
Margem: True
{'dimensoes': ['50'], 'algoritmos': {'GCG': 0, 'GRASP': 1, 'GRASP_GCG': 0, 'Random_Key': 0}, 'num_execucoes': 3}
||||||||||||||||||||||||||||||||||||||||||||||||||||||||||||||||||||||||||||||||||||||||||||||||||||||||||||||||||||||||||||||||||||||||||||||||||||||||||||||||||||||||||||||||||||||||||||||


==============================================================================================================================================================================================
Dimensão: (505, 336)
Máximo: 50%
Tempo pré-processamento NFPs: 322.47s
==============================================================================================================================================================================================

----------------------------------------------------------------------------------------------------------------------------------------------------------------------------------------------
RESULTADOS GRASP:
GRASP: Tempo: 27.66s, Area: 50.2%, Peças: 15/15, Fecho: 72.0%, Box: 93.27%
Peças GRASP 1: [[(-200, -120), (-182, -118), (-179, -99), (-163, -101), (-162, -105), (-138, -106), (-131, -103), (-124, -106), (-125, -123), (-148, -120), (-176, -130), (-180, -136), (-196, -135)], [(-195, -92), (-195, -74), (-190, -74), (-186, 27), (-104, 21), (-103, 3), (-111, 3), (-114, -99), (-131, -99), (-131, -92)], [(-196, -114), (-196, -105), (-191, -105), (-187, -110), (-187, -114)], [(-98, 146), (-98, 134), (-104, 134), (-104, 26), (-186, 34), (-186, 46), (-179, 46), (-180, 153), (-168, 153), (-167, 146)], [(-77, 131), (-71, 121), (-71, -47), (-103, -46), (-103, -34), (-96, -34), (-98, 130)], [(-116, -132), (-116, -120), (-109, -119), (-108, -51), (-97, -51), (-96, -56), (-39, -53), (-39, -65), (-47, -65), (-50, -127)], [(-51, -48), (-52, -40), (-66, -40), (-66, -33), (-58, -32), (-56, 55), (-60, 143), (-45, 143), (-45, 135), (-34, 135), (-34, 121), (-40, 121), (-37, -48)], [(-60, 191), (-60, 176), (-74, 176), (-76, 146), (-90, 146), (-89, 161), (-154, 161), (-161, 151), (-166, 161), (-174, 161), (-174, 176), (-159, 175), (-166, 187), (-159, 199), (-145, 199), (-146, 185), (-79, 190), (-77, 200)], [(-23, -130), (-44, -114), (-44, -103), (-30, -102), (-34, 62), (-26, 77), (-12, 77), (-11, 62), (-5, 71), (11, 62), (10, 48), (-5, 47), (-6, 3), (4, -9), (-21, -22), (-17, -55), (-6, -49), (6, -61), (6, -76), (-9, -75), (-11, -111), (-2, -118)], [(-34, 83), (-34, 95), (-28, 96), (-24, 184), (57, 172), (57, 161), (50, 161), (46, 74), (34, 74), (34, 82)], [(1, -48), (-1, -36), (22, -17), (18, -4), (3, 0), (6, 36), (16, 36), (21, 46), (21, 69), (98, 64), (95, 40), (108, 30), (96, -12), (73, -18), (66, -42)], [(55, 72), (55, 86), (61, 86), (61, 171), (77, 171), (77, 164), (154, 163), (154, 149), (146, 148), (143, 95), (116, 76), (115, 64), (104, 64), (104, 71)], [(100, -66), (100, -79), (95, -80), (99, -93), (94, -100), (78, -101), (73, -106), (61, -99), (28, -105), (3, -93), (3, -82), (9, -82), (10, -76), (28, -72), (28, -49), (48, -51), (79, -42), (86, -45), (87, -64)], [(194, 54), (194, 37), (189, 36), (184, -67), (167, -67), (167, -62), (105, -65), (104, -48), (113, -48), (117, 61), (135, 61), (135, 54)], [(148, 84), (148, 103), (154, 104), (152, 116), (164, 127), (164, 146), (176, 146), (176, 140), (218, 140), (219, 125), (226, 121), (271, 114), (265, 83), (223, 84), (206, 72), (206, 58), (195, 58), (194, 64), (158, 65), (159, 84)]]

----------------------------------------------------------------------------------------------------------------------------------------------------------------------------------------------


||||||||||||||||||||||||||||||||||||||||||||||||||||||||||||||||||||||||||||||||||||||||||||||||||||||||||||||||||||||||||||||||||||||||||||||||||||||||||||||||||||||||||||||||||||||||||||||
Instância: embraer_55
Data e Hora: 05/02/2025 17:22
Margem: True
{'dimensoes': ['50'], 'algoritmos': {'GCG': 0, 'GRASP': 1, 'GRASP_GCG': 0, 'Random_Key': 0}, 'num_execucoes': 3}
||||||||||||||||||||||||||||||||||||||||||||||||||||||||||||||||||||||||||||||||||||||||||||||||||||||||||||||||||||||||||||||||||||||||||||||||||||||||||||||||||||||||||||||||||||||||||||||


==============================================================================================================================================================================================
Dimensão: (522, 348)
Máximo: 50%
Tempo pré-processamento NFPs: 269.44s
==============================================================================================================================================================================================

----------------------------------------------------------------------------------------------------------------------------------------------------------------------------------------------
RESULTADOS GRASP:
GRASP: Tempo: 33.93s, Area: 50.0%, Peças: 19/19, Fecho: 71.88%, Box: 91.2%
Peças GRASP 1: [[(-197, -146), (-200, -118), (-194, -110), (-158, -111), (-158, -113), (-143, -115), (-140, -119), (-135, -120), (-136, -130), (-140, -130), (-143, -136), (-146, -136), (-156, -147), (-193, -148)], [(-132, -131), (-124, -58), (243, -84), (235, -119), (41, -147)], [(-132, -85), (-137, -85), (-139, -103), (-144, -106), (-177, -105), (-193, -90), (-195, -76), (-177, -68), (-140, -68), (-137, -76), (-132, -77)], [(247, -85), (258, -83), (259, -91), (299, -85), (301, -100), (298, -113), (287, -115), (287, -109), (248, -115), (247, -103), (250, -103), (250, -98), (246, -95)], [(306, -76), (297, -80), (288, -76), (135, -71), (135, -60), (306, -65)], [(-44, -47), (130, -51), (130, -59), (121, -62), (65, -57), (-44, -58)], [(-179, -61), (-178, -56), (-170, -54), (-170, -40), (-162, -40), (-162, -46), (-105, -47), (-86, -43), (-80, -48), (-81, -56), (-124, -53), (-167, -63)], [(-157, -40), (-142, -25), (-144, 29), (86, 38), (226, 2), (219, -40), (204, -25)], [(294, -51), (281, -59), (226, -41), (229, -5), (242, -6), (243, -13), (270, -16), (294, -47)], [(-158, 15), (-156, 8), (-152, 8), (-152, -2), (-158, -2), (-159, -35), (-170, -35), (-177, -27), (-177, -18), (-170, -17), (-169, 4), (-171, 5), (-169, 15)], [(128, 59), (121, 36), (112, 36), (112, 43), (-80, 39), (-74, 73), (-38, 72), (-24, 79), (67, 79)], [(-83, 68), (-82, 57), (-94, 57), (-112, 36), (-158, 32), (-159, 46), (-152, 46), (-154, 66), (-139, 67), (-139, 58), (-103, 57)], [(193, 27), (181, 23), (157, 34), (128, 32), (127, 43), (134, 47), (136, 53), (147, 52), (147, 46), (196, 40)], [(212, 50), (223, 50), (224, 44), (248, 40), (242, 1), (230, 1), (230, 10), (202, 14), (202, 25), (209, 25)], [(249, -10), (249, 2), (255, 2), (252, 56), (264, 56), (279, 48), (321, 48), (317, 29), (321, -17), (309, -17), (309, -10)], [(145, 60), (145, 70), (171, 82), (172, 90), (257, 82), (258, 65), (248, 65), (246, 50), (230, 51), (231, 57), (164, 57), (156, 51)], [(148, 115), (146, 75), (137, 75), (137, 82), (-55, 87), (-48, 106), (5, 121)], [(-70, 135), (-70, 123), (-77, 122), (-85, 73), (-97, 74), (-97, 77), (-154, 78), (-154, 90), (-145, 91), (-141, 142), (-129, 141), (-129, 136)], [(-62, 170), (15, 162), (30, 146), (42, 144), (42, 134), (30, 125), (12, 131), (-54, 129), (-55, 123), (-60, 123), (-65, 133), (-65, 144), (-61, 144)]]

----------------------------------------------------------------------------------------------------------------------------------------------------------------------------------------------

