==============================================================================================================================================================================================
RESULTADOS GERAIS: 02/02/2025 22:39
==============================================================================================================================================================================================


||||||||||||||||||||||||||||||||||||||||||||||||||||||||||||||||||||||||||||||||||||||||||||||||||||||||||||||||||||||||||||||||||||||||||||||||||||||||||||||||||||||||||||||||||||||||||||||
Instância: embraer_3274
Data e Hora: 02/02/2025 22:39
Margem: True
{'dimensoes': ['60'], 'algoritmos': {'GCG': 1, 'GRASP': 0, 'GRASP_GCG': 0, 'Random_Key': 0}, 'num_execucoes': 1}
||||||||||||||||||||||||||||||||||||||||||||||||||||||||||||||||||||||||||||||||||||||||||||||||||||||||||||||||||||||||||||||||||||||||||||||||||||||||||||||||||||||||||||||||||||||||||||||


==============================================================================================================================================================================================
Dimensão: (498, 332)
Máximo: 60%
Tempo pré-processamento NFPs: 9.91s
==============================================================================================================================================================================================

----------------------------------------------------------------------------------------------------------------------------------------------------------------------------------------------
RESULTADOS GCG:
GCG: Tempo: 101.74s, Area: 40.53%, Peças: 15/16, Fecho: 56.99999999999999%, Box: 63.0%
Peças GCG: [[(-195, -132), (-200, -36), (-186, -12), (-177, -10), (-132, -35), (-112, -73), (-111, -85), (-183, -131)], [(-112, 91), (-110, -11), (-119, -28), (-129, -31), (-169, -8), (-193, 33), (-195, 44), (-188, 53)], [(-196, 82), (-193, 134), (-160, 143), (-116, 143), (-114, 95), (-160, 80)], [(-183, 182), (-174, 193), (-136, 193), (-117, 174), (-117, 154), (-120, 150), (-138, 148), (-181, 151), (-184, 154)], [(17, -111), (-16, -132), (-110, -124), (-65, -41), (-39, -46), (-7, -65)], [(-6, 61), (7, 38), (9, -58), (5, -65), (-78, -20), (-77, -5), (-58, 35)], [(-85, -19), (-81, -22), (-88, -69), (-98, -91), (-103, -91), (-108, -82), (-110, -19)], [(-101, -3), (-108, 3), (-102, 74), (-90, 78), (-64, 74), (-62, 65), (-67, 29), (-91, -4)], [(8, 74), (-77, 80), (-103, 99), (-103, 113), (-93, 121), (4, 129)], [(-73, 135), (-73, 145), (-43, 171), (-4, 174), (6, 172), (9, 146), (5, 134), (-70, 131)], [(45, -132), (23, -128), (19, 158), (45, 161)], [(66, -132), (49, -128), (46, 158), (59, 163), (70, 158)], [(120, -88), (117, -132), (78, -132), (70, -129), (74, -88), (77, -84)], [(108, -79), (77, -79), (74, -75), (76, -14), (79, -11), (99, -14), (114, -32), (117, -69)], [(114, -1), (90, -7), (82, -5), (73, 40), (74, 47), (98, 56), (108, 54), (115, 8)]]
----------------------------------------------------------------------------------------------------------------------------------------------------------------------------------------------


||||||||||||||||||||||||||||||||||||||||||||||||||||||||||||||||||||||||||||||||||||||||||||||||||||||||||||||||||||||||||||||||||||||||||||||||||||||||||||||||||||||||||||||||||||||||||||||
Instância: embraer_3153
Data e Hora: 02/02/2025 22:39
Margem: True
{'dimensoes': ['60'], 'algoritmos': {'GCG': 1, 'GRASP': 0, 'GRASP_GCG': 0, 'Random_Key': 0}, 'num_execucoes': 1}
||||||||||||||||||||||||||||||||||||||||||||||||||||||||||||||||||||||||||||||||||||||||||||||||||||||||||||||||||||||||||||||||||||||||||||||||||||||||||||||||||||||||||||||||||||||||||||||


==============================================================================================================================================================================================
Dimensão: (505, 336)
Máximo: 60%
Tempo pré-processamento NFPs: 10.28s
==============================================================================================================================================================================================

----------------------------------------------------------------------------------------------------------------------------------------------------------------------------------------------
RESULTADOS GCG:
GCG: Tempo: 93.16s, Area: 60.18%, Peças: 17/17, Fecho: 92.0%, Box: 97.0%
Peças GCG: [[(-200, -132), (-196, -115), (90, -111), (95, -124), (90, -136)], [(93, -84), (89, -106), (-197, -110), (-200, -84)], [(91, 71), (93, -80), (-85, -79), (-123, -51), (-120, -34), (35, 63)], [(-127, -45), (-127, -76), (-131, -79), (-192, -77), (-195, -74), (-192, -54), (-174, -39), (-137, -36)], [(-200, -29), (-200, -19), (-170, 7), (-131, 10), (-121, 8), (-118, -18), (-122, -30), (-197, -33)], [(-83, 36), (-85, 21), (-90, 15), (-177, 15), (-181, 22), (-179, 29), (-90, 45)], [(-173, 55), (-169, 96), (35, 89), (35, 68), (-23, 50), (-168, 50)], [(-178, 34), (-199, 34), (-199, 67), (-183, 67), (-178, 62)], [(-169, 101), (-162, 141), (-19, 143), (38, 125), (35, 101)], [(-196, 121), (-178, 121), (-175, 118), (-176, 75), (-179, 72), (-197, 72), (-199, 75), (-199, 118)], [(-67, 179), (-67, 164), (-91, 147), (-179, 147), (-176, 187), (-79, 190)], [(98, -136), (114, 10), (182, 79), (224, -131)], [(134, 48), (127, 54), (133, 125), (145, 129), (171, 125), (173, 116), (168, 80), (144, 47)], [(138, 195), (149, 186), (149, 148), (130, 129), (110, 129), (106, 132), (104, 150), (107, 193), (110, 196)], [(225, -136), (225, -68), (228, -65), (297, -79), (294, -136)], [(227, -60), (233, 25), (252, 51), (266, 51), (274, 41), (282, -55)], [(293, 54), (241, 57), (232, 90), (233, 134), (281, 136), (295, 90)]]
----------------------------------------------------------------------------------------------------------------------------------------------------------------------------------------------


||||||||||||||||||||||||||||||||||||||||||||||||||||||||||||||||||||||||||||||||||||||||||||||||||||||||||||||||||||||||||||||||||||||||||||||||||||||||||||||||||||||||||||||||||||||||||||||
Instância: embraer_3089
Data e Hora: 02/02/2025 22:39
Margem: True
{'dimensoes': ['60'], 'algoritmos': {'GCG': 1, 'GRASP': 0, 'GRASP_GCG': 0, 'Random_Key': 0}, 'num_execucoes': 1}
||||||||||||||||||||||||||||||||||||||||||||||||||||||||||||||||||||||||||||||||||||||||||||||||||||||||||||||||||||||||||||||||||||||||||||||||||||||||||||||||||||||||||||||||||||||||||||||


==============================================================================================================================================================================================
Dimensão: (549, 366)
Máximo: 60%
Tempo pré-processamento NFPs: 10.57s
==============================================================================================================================================================================================

