==============================================================================================================================================================================================
RESULTADOS GERAIS: 05/02/2025 17:16
==============================================================================================================================================================================================


||||||||||||||||||||||||||||||||||||||||||||||||||||||||||||||||||||||||||||||||||||||||||||||||||||||||||||||||||||||||||||||||||||||||||||||||||||||||||||||||||||||||||||||||||||||||||||||
Instância: embraer_3153
Data e Hora: 05/02/2025 17:16
Margem: True
{'dimensoes': ['50'], 'algoritmos': {'GCG': 0, 'GRASP': 1, 'GRASP_GCG': 0, 'Random_Key': 0}, 'num_execucoes': 3}
||||||||||||||||||||||||||||||||||||||||||||||||||||||||||||||||||||||||||||||||||||||||||||||||||||||||||||||||||||||||||||||||||||||||||||||||||||||||||||||||||||||||||||||||||||||||||||||


==============================================================================================================================================================================================
Dimensão: (553, 369)
Máximo: 50%
Tempo pré-processamento NFPs: 10.21s
==============================================================================================================================================================================================

----------------------------------------------------------------------------------------------------------------------------------------------------------------------------------------------
RESULTADOS GRASP:
GRASP: Tempo: 19.2s, Area: 49.99%, Peças: 17/17, Fecho: 71.12%, Box: 78.84%
Peças GRASP 1: [[(-198, -169), (-200, -18), (-22, -18), (16, -46), (13, -63), (-142, -160)], [(18, -42), (18, -21), (51, -21), (51, -37), (45, -42)], [(76, 4), (74, -11), (69, -17), (-18, -17), (-22, -10), (-20, -3), (69, 13)], [(-75, -10), (-75, 8), (-72, 11), (-29, 11), (-26, 8), (-26, -10), (-29, -13), (-72, -13)], [(-80, 19), (-80, 4), (-104, -13), (-192, -13), (-189, 27), (-92, 30)], [(111, 58), (104, 18), (-39, 17), (-96, 35), (-93, 59)], [(-181, 36), (-181, 46), (-151, 72), (-112, 75), (-102, 73), (-99, 47), (-103, 35), (-178, 32)], [(111, 104), (107, 63), (-97, 71), (-97, 92), (-39, 109), (106, 109)], [(150, 104), (161, 95), (161, 57), (142, 38), (122, 38), (118, 41), (116, 59), (119, 102), (122, 105)], [(-166, 85), (-166, 116), (-162, 119), (-101, 118), (-98, 115), (-101, 95), (-119, 80), (-156, 76)], [(-93, 116), (-89, 138), (197, 143), (200, 116)], [(200, 165), (196, 148), (-90, 145), (-95, 158), (-90, 169)], [(-95, 130), (-102, 123), (-173, 129), (-177, 141), (-173, 167), (-164, 169), (-128, 164), (-95, 140)], [(205, 165), (273, 165), (276, 162), (261, 93), (205, 96)], [(164, 28), (167, 80), (200, 89), (244, 89), (246, 41), (200, 26)], [(192, -34), (107, -28), (81, -9), (81, 5), (91, 13), (188, 21)], [(213, -161), (67, -145), (-2, -77), (209, -35)]]

GRASP: Tempo: 12.36s, Area: 50.03%, Peças: 17/17, Fecho: 68.96%, Box: 99.01%
Peças GRASP 2: [[(-200, -164), (-196, -123), (8, -130), (8, -151), (-50, -169), (-195, -169)], [(12, -151), (14, -136), (19, -130), (106, -129), (110, -136), (108, -143), (19, -160)], [(-195, -118), (-191, -101), (95, -97), (100, -110), (95, -122)], [(194, -98), (194, -108), (164, -134), (125, -137), (115, -135), (112, -109), (115, -97), (191, -94)], [(135, -69), (131, -91), (-155, -95), (-158, -69)], [(-162, -74), (-162, -95), (-195, -95), (-195, -79), (-190, -74)], [(140, -86), (140, -68), (143, -65), (186, -65), (189, -68), (189, -86), (186, -89), (143, -89)], [(261, -97), (252, -109), (214, -108), (195, -90), (195, -70), (198, -66), (216, -64), (259, -66), (262, -69)], [(267, -100), (267, -69), (271, -66), (332, -67), (335, -70), (332, -90), (314, -105), (277, -109)], [(175, -146), (175, -131), (199, -114), (287, -114), (283, -154), (187, -157)], [(-66, -64), (-59, -24), (84, -22), (141, -40), (138, -64)], [(298, -61), (152, -45), (83, 23), (294, 65)], [(310, -61), (303, -55), (309, 16), (321, 20), (347, 16), (349, 7), (344, -29), (320, -62)], [(-71, -64), (-156, -58), (-182, -39), (-182, -25), (-172, -17), (-75, -9)], [(79, 41), (76, -11), (43, -19), (-1, -19), (-3, 29), (43, 43)], [(-7, 52), (-7, -16), (-10, -19), (-79, -4), (-76, 52)], [(181, 199), (183, 48), (5, 49), (-33, 77), (-30, 94), (125, 191)]]

GRASP: Tempo: 11.49s, Area: 50.03%, Peças: 17/17, Fecho: 68.96%, Box: 99.01%
Peças GRASP 3: [[(-200, -164), (-196, -123), (8, -130), (8, -151), (-50, -169), (-195, -169)], [(12, -151), (14, -136), (19, -130), (106, -129), (110, -136), (108, -143), (19, -160)], [(-195, -118), (-191, -101), (95, -97), (100, -110), (95, -122)], [(194, -98), (194, -108), (164, -134), (125, -137), (115, -135), (112, -109), (115, -97), (191, -94)], [(135, -69), (131, -91), (-155, -95), (-158, -69)], [(-162, -74), (-162, -95), (-195, -95), (-195, -79), (-190, -74)], [(140, -86), (140, -68), (143, -65), (186, -65), (189, -68), (189, -86), (186, -89), (143, -89)], [(261, -97), (252, -109), (214, -108), (195, -90), (195, -70), (198, -66), (216, -64), (259, -66), (262, -69)], [(267, -100), (267, -69), (271, -66), (332, -67), (335, -70), (332, -90), (314, -105), (277, -109)], [(175, -146), (175, -131), (199, -114), (287, -114), (283, -154), (187, -157)], [(-66, -64), (-59, -24), (84, -22), (141, -40), (138, -64)], [(298, -61), (152, -45), (83, 23), (294, 65)], [(310, -61), (303, -55), (309, 16), (321, 20), (347, 16), (349, 7), (344, -29), (320, -62)], [(-71, -64), (-156, -58), (-182, -39), (-182, -25), (-172, -17), (-75, -9)], [(79, 41), (76, -11), (43, -19), (-1, -19), (-3, 29), (43, 43)], [(-7, 52), (-7, -16), (-10, -19), (-79, -4), (-76, 52)], [(181, 199), (183, 48), (5, 49), (-33, 77), (-30, 94), (125, 191)]]


Estatísticas GRASP:
Tempo - Média: 14.35s, Desvio: 3.45s
Área - Média: 50.02%, Desvio: 0.02%
Peças - Média: 17.0, Desvio: 0.0
Fecho - Média: 69.68%, Desvio: 1.02%
Box - Média: 92.29%, Desvio: 9.51%
----------------------------------------------------------------------------------------------------------------------------------------------------------------------------------------------

