==============================================================================================================================================================================================
RESULTADOS GERAIS: 02/02/2025 22:23
==============================================================================================================================================================================================


||||||||||||||||||||||||||||||||||||||||||||||||||||||||||||||||||||||||||||||||||||||||||||||||||||||||||||||||||||||||||||||||||||||||||||||||||||||||||||||||||||||||||||||||||||||||||||||
Instância: embraer_3274
Data e Hora: 02/02/2025 22:23
Margem: True
{'dimensoes': ['50', '60', '70', '80'], 'algoritmos': {'GCG': 1, 'GRASP': 0, 'GRASP_GCG': 0, 'Random_Key': 0}, 'num_execucoes': 1}
||||||||||||||||||||||||||||||||||||||||||||||||||||||||||||||||||||||||||||||||||||||||||||||||||||||||||||||||||||||||||||||||||||||||||||||||||||||||||||||||||||||||||||||||||||||||||||||


==============================================================================================================================================================================================
Dimensão: (546, 364)
Máximo: 50%
Tempo pré-processamento NFPs: 9.89s
==============================================================================================================================================================================================

----------------------------------------------------------------------------------------------------------------------------------------------------------------------------------------------
RESULTADOS GCG:
GCG: Tempo: 98.13s, Area: 49.87%, Peças: 16/16, Fecho: 78.0%, Box: 96.0%
Peças GCG: [[(-172, -164), (-194, -160), (-198, 126), (-172, 129)], [(-150, -164), (-167, -160), (-170, 126), (-157, 131), (-146, 126)], [(-109, -164), (-146, -105), (-89, 172), (-20, 170), (-3, -45), (-67, -144)], [(-2, -155), (-2, -124), (2, -121), (63, -122), (66, -125), (63, -145), (45, -160), (8, -164)], [(62, -117), (10, -114), (1, -81), (2, -37), (50, -35), (64, -81)], [(2, -32), (8, 53), (27, 79), (41, 79), (49, 69), (57, -27)], [(9, 140), (33, 146), (41, 144), (49, 99), (48, 92), (25, 83), (15, 85), (8, 131)], [(71, -164), (66, -68), (80, -44), (89, -42), (134, -67), (154, -105), (155, -117), (83, -163)], [(154, 59), (156, -43), (147, -60), (137, -63), (97, -40), (73, 1), (71, 12), (78, 21)], [(89, 95), (98, 106), (136, 106), (155, 87), (155, 67), (152, 63), (134, 61), (91, 64), (88, 67)], [(94, 115), (97, 159), (136, 159), (144, 156), (139, 115), (136, 111)], [(139, 168), (136, 164), (89, 171), (67, 181), (67, 186), (76, 191), (139, 193)], [(171, -164), (158, -142), (156, -46), (160, -39), (243, -83), (242, -98), (223, -138)], [(239, -33), (232, -40), (161, -34), (157, -22), (161, 4), (170, 6), (206, 1), (239, -23)], [(238, 49), (238, 39), (208, 13), (169, 10), (159, 12), (156, 38), (159, 50), (235, 53)], [(266, -164), (245, -131), (253, -37), (336, -82), (331, -107), (312, -139)]]
----------------------------------------------------------------------------------------------------------------------------------------------------------------------------------------------


==============================================================================================================================================================================================
Dimensão: (498, 332)
Máximo: 60%
Tempo pré-processamento NFPs: 9.89s
==============================================================================================================================================================================================

----------------------------------------------------------------------------------------------------------------------------------------------------------------------------------------------
RESULTADOS GCG:
GCG: Tempo: 70.39s, Area: 40.47%, Peças: 15/16, Fecho: 60.0%, Box: 81.0%
Peças GCG: [[(-172, -132), (-194, -128), (-198, 158), (-172, 161)], [(-150, -132), (-167, -128), (-170, 158), (-157, 163), (-146, 158)], [(-141, -132), (-146, -36), (-132, -12), (-123, -10), (-78, -35), (-58, -73), (-57, -85), (-129, -131)], [(-59, 91), (-57, -11), (-66, -28), (-76, -31), (-116, -8), (-140, 33), (-142, 44), (-135, 53)], [(-143, 82), (-140, 134), (-107, 143), (-63, 143), (-61, 95), (-107, 80)], [(-59, 182), (-59, 151), (-63, 148), (-124, 150), (-127, 153), (-124, 173), (-106, 188), (-69, 191)], [(-35, -132), (-56, -99), (-48, -5), (35, -50), (30, -75), (11, -107)], [(25, -15), (22, -19), (-25, -12), (-47, -2), (-47, 3), (-38, 8), (25, 10)], [(-38, 13), (-32, 98), (-13, 124), (1, 124), (9, 114), (17, 18)], [(-46, 102), (-53, 108), (-47, 179), (-35, 183), (-9, 179), (-7, 170), (-12, 134), (-36, 101)], [(85, -88), (82, -132), (43, -132), (35, -129), (39, -88), (42, -84)], [(70, -13), (81, -22), (81, -60), (62, -79), (42, -79), (38, -76), (36, -58), (39, -15), (42, -12)], [(81, -8), (71, -8), (45, 22), (42, 61), (44, 71), (70, 74), (82, 71), (85, -4)], [(101, -132), (88, -110), (86, -14), (90, -7), (173, -51), (172, -66), (153, -106)], [(216, -126), (192, -132), (184, -130), (175, -85), (176, -78), (200, -69), (210, -71), (217, -117)]]
----------------------------------------------------------------------------------------------------------------------------------------------------------------------------------------------


==============================================================================================================================================================================================
Dimensão: (461, 307)
Máximo: 70%
Tempo pré-processamento NFPs: 9.89s
==============================================================================================================================================================================================

