==============================================================================================================================================================================================
RESULTADOS GERAIS: 27/01/2025 11:22
==============================================================================================================================================================================================


||||||||||||||||||||||||||||||||||||||||||||||||||||||||||||||||||||||||||||||||||||||||||||||||||||||||||||||||||||||||||||||||||||||||||||||||||||||||||||||||||||||||||||||||||||||||||||||
Instância: embraer_3274
Data e Hora: 27/01/2025 11:22
Margem: True
{'dimensoes': ['50', '60', '70', '80'], 'algoritmos': {'GCG': 1, 'GRASP': 0, 'GRASP_GCG': 0, 'Random_Key': 0}, 'num_execucoes': 1}
||||||||||||||||||||||||||||||||||||||||||||||||||||||||||||||||||||||||||||||||||||||||||||||||||||||||||||||||||||||||||||||||||||||||||||||||||||||||||||||||||||||||||||||||||||||||||||||


==============================================================================================================================================================================================
Dimensão: (546, 364)
Máximo: 50%
Tempo pré-processamento NFPs: 10.07s
==============================================================================================================================================================================================

----------------------------------------------------------------------------------------------------------------------------------------------------------------------------------------------
RESULTADOS GCG:
GCG: Tempo: 99.67s, Area: 43.41%, Peças: 14/16, Fecho: 70.0%, Box: 96.0%
Peças GCG: [[(-185, -164), (-198, -142), (-200, -46), (-196, -39), (-113, -83), (-114, -98), (-133, -138)], [(-121, -48), (-124, -52), (-171, -45), (-193, -35), (-193, -30), (-184, -25), (-121, -23)], [(-117, 40), (-120, -12), (-153, -20), (-197, -20), (-199, 28), (-153, 42)], [(-118, 80), (-118, 49), (-122, 46), (-183, 48), (-186, 51), (-183, 71), (-165, 86), (-128, 89)], [(-192, 127), (-183, 138), (-145, 138), (-126, 119), (-126, 99), (-129, 95), (-147, 93), (-190, 96), (-193, 99)], [(-142, 187), (-145, 143), (-184, 143), (-192, 146), (-188, 187), (-185, 191)], [(0, -164), (-85, -158), (-111, -139), (-111, -125), (-101, -117), (-4, -109)], [(-82, -103), (-82, -93), (-52, -67), (-13, -64), (-3, -66), (0, -92), (-4, -104), (-79, -107)], [(-103, -87), (-108, 9), (-94, 33), (-85, 35), (-40, 10), (-20, -28), (-19, -40), (-91, -86)], [(-20, 135), (-18, 33), (-27, 16), (-37, 13), (-77, 36), (-101, 77), (-103, 88), (-96, 97)], [(-26, 172), (-20, 148), (-22, 140), (-67, 132), (-74, 133), (-83, 156), (-81, 166), (-35, 173)], [(0, -58), (59, -21), (336, -77), (334, -146), (119, -164), (20, -100)], [(102, -12), (95, -19), (24, -13), (20, -1), (24, 25), (33, 27), (69, 22), (102, -2)], [(160, 44), (127, 23), (33, 31), (78, 114), (104, 109), (136, 90)]]
----------------------------------------------------------------------------------------------------------------------------------------------------------------------------------------------


==============================================================================================================================================================================================
Dimensão: (498, 332)
Máximo: 60%
Tempo pré-processamento NFPs: 10.07s
==============================================================================================================================================================================================

