==============================================================================================================================================================================================
RESULTADOS GERAIS: 05/02/2025 16:18
==============================================================================================================================================================================================


||||||||||||||||||||||||||||||||||||||||||||||||||||||||||||||||||||||||||||||||||||||||||||||||||||||||||||||||||||||||||||||||||||||||||||||||||||||||||||||||||||||||||||||||||||||||||||||
Instância: embraer_3089
Data e Hora: 05/02/2025 16:18
Margem: True
{'dimensoes': ['80'], 'algoritmos': {'GCG': 0, 'GRASP': 1, 'GRASP_GCG': 0, 'Random_Key': 0}, 'num_execucoes': 1}
||||||||||||||||||||||||||||||||||||||||||||||||||||||||||||||||||||||||||||||||||||||||||||||||||||||||||||||||||||||||||||||||||||||||||||||||||||||||||||||||||||||||||||||||||||||||||||||


==============================================================================================================================================================================================
Dimensão: (475, 317)
Máximo: 80%
Tempo pré-processamento NFPs: 11.12s
==============================================================================================================================================================================================

----------------------------------------------------------------------------------------------------------------------------------------------------------------------------------------------
RESULTADOS GRASP:
GRASP: Tempo: 46.57s, Area: 69.75%, Peças: 16/18, Fecho: 87.0%, Box: 97.0%
Peças GRASP 1: [[(-200, -117), (-200, -20), (-156, -19), (-162, -117)], [(-193, -15), (-198, -9), (-192, 169), (-160, 169), (-156, -15)], [(-117, 176), (-117, -14), (-151, -14), (-155, 176)], [(-106, -19), (-106, -106), (-153, -107), (-151, -19)], [(-82, -13), (-112, -13), (-110, 173), (-85, 171)], [(-65, -88), (-77, -88), (-101, -63), (-101, -20), (-99, -18), (-69, -20), (-63, -62), (-62, -86)], [(-70, -16), (-77, -8), (-75, 183), (-65, 190), (-29, 190), (-22, 183), (-30, -10), (-37, -17)], [(-17, -44), (-17, 184), (93, 185), (45, -44)], [(32, -49), (31, -100), (-58, -100), (-56, -52)], [(129, 42), (82, 45), (97, 183), (124, 182)], [(66, -92), (62, -86), (63, 18), (90, 40), (119, 37), (138, 19), (139, -86), (133, -92)], [(155, -29), (147, -16), (132, 97), (142, 105), (201, 104), (208, 97), (208, -17), (201, -29)], [(132, 109), (132, 169), (154, 191), (194, 191), (216, 169), (215, 109)], [(212, -82), (144, -82), (143, -34), (212, -33)], [(274, 104), (261, -15), (214, -15), (213, 104)], [(223, 179), (235, 179), (259, 154), (259, 111), (257, 109), (227, 111), (221, 154), (220, 178)]]


Estatísticas GRASP:
Tempo - Média: 46.57s, Desvio: 0.0s
Área - Média: 69.75%, Desvio: 0.0%
Peças - Média: 16.0, Desvio: 0.0
----------------------------------------------------------------------------------------------------------------------------------------------------------------------------------------------

