==============================================================================================================================================================================================
RESULTADOS GERAIS: 27/01/2025 11:26
==============================================================================================================================================================================================


||||||||||||||||||||||||||||||||||||||||||||||||||||||||||||||||||||||||||||||||||||||||||||||||||||||||||||||||||||||||||||||||||||||||||||||||||||||||||||||||||||||||||||||||||||||||||||||
Instância: embraer_3274
Data e Hora: 27/01/2025 11:26
Margem: True
{'dimensoes': ['50', '60', '70', '80'], 'algoritmos': {'GCG': 1, 'GRASP': 0, 'GRASP_GCG': 0, 'Random_Key': 0}, 'num_execucoes': 1}
||||||||||||||||||||||||||||||||||||||||||||||||||||||||||||||||||||||||||||||||||||||||||||||||||||||||||||||||||||||||||||||||||||||||||||||||||||||||||||||||||||||||||||||||||||||||||||||


==============================================================================================================================================================================================
Dimensão: (546, 364)
Máximo: 50%
Tempo pré-processamento NFPs: 10.13s
==============================================================================================================================================================================================

----------------------------------------------------------------------------------------------------------------------------------------------------------------------------------------------
RESULTADOS GCG:
GCG: Tempo: 238.33s, Area: 49.93%, Peças: 16/16, Fecho: 68.0%, Box: 78.0%
Peças GCG: [[(-172, -164), (-194, -160), (-198, 126), (-172, 129)], [(-150, -164), (-167, -160), (-170, 126), (-157, 131), (-146, 126)], [(-109, -164), (-146, -105), (-89, 172), (-20, 170), (-3, -45), (-67, -144)], [(-119, 83), (-115, 80), (-122, 33), (-132, 11), (-137, 11), (-142, 20), (-144, 83)], [(-138, 89), (-145, 95), (-139, 166), (-127, 170), (-101, 166), (-99, 157), (-104, 121), (-128, 88)], [(42, -164), (-2, -161), (-2, -122), (1, -114), (42, -118), (46, -121)], [(31, -109), (0, -109), (-3, -105), (-1, -44), (2, -41), (22, -44), (37, -62), (40, -99)], [(2, 44), (12, 44), (38, 14), (41, -25), (39, -35), (13, -38), (1, -35), (-2, 41)], [(41, 53), (17, 47), (9, 49), (0, 94), (1, 101), (25, 110), (35, 108), (42, 62)], [(32, 181), (43, 172), (43, 134), (24, 115), (4, 115), (0, 118), (-2, 136), (1, 179), (4, 182)], [(168, -162), (66, -164), (49, -155), (46, -145), (68, -105), (110, -81), (121, -79), (130, -86)], [(54, -102), (49, -6), (63, 18), (72, 20), (117, -5), (137, -43), (138, -55), (66, -101)], [(146, 104), (159, 81), (161, -15), (157, -22), (74, 23), (75, 38), (94, 78)], [(69, 70), (48, 103), (56, 197), (139, 152), (134, 127), (115, 95)], [(231, -164), (179, -161), (170, -128), (171, -84), (219, -82), (233, -128)], [(170, -79), (176, 6), (195, 32), (209, 32), (217, 22), (225, -74)]]
----------------------------------------------------------------------------------------------------------------------------------------------------------------------------------------------


==============================================================================================================================================================================================
Dimensão: (498, 332)
Máximo: 60%
Tempo pré-processamento NFPs: 10.13s
==============================================================================================================================================================================================

----------------------------------------------------------------------------------------------------------------------------------------------------------------------------------------------
RESULTADOS GCG:
GCG: Tempo: 197.28s, Area: 40.52%, Peças: 15/16, Fecho: 56.99999999999999%, Box: 62.0%
Peças GCG: [[(-172, -132), (-194, -128), (-198, 158), (-172, 161)], [(-150, -132), (-167, -128), (-170, 158), (-157, 163), (-146, 158)], [(-141, -132), (-146, -36), (-132, -12), (-123, -10), (-78, -35), (-58, -73), (-57, -85), (-129, -131)], [(-59, 91), (-57, -11), (-66, -28), (-76, -31), (-116, -8), (-140, 33), (-142, 44), (-135, 53)], [(-143, 82), (-140, 134), (-107, 143), (-63, 143), (-61, 95), (-107, 80)], [(-130, 182), (-121, 193), (-83, 193), (-64, 174), (-64, 154), (-67, 150), (-85, 148), (-128, 151), (-131, 154)], [(69, -117), (46, -130), (-50, -132), (-57, -128), (-13, -45), (2, -46), (43, -65)], [(-25, -12), (-21, -15), (-28, -62), (-38, -84), (-43, -84), (-48, -75), (-50, -12)], [(46, 73), (67, 40), (59, -54), (-24, -8), (-19, 17), (0, 49)], [(-45, 6), (-52, 12), (-46, 83), (-34, 87), (-8, 83), (-6, 74), (-11, 38), (-35, 5)], [(64, 84), (-21, 90), (-47, 109), (-47, 123), (-37, 131), (60, 139)], [(-17, 145), (-17, 155), (13, 181), (52, 184), (62, 182), (65, 156), (61, 144), (-14, 141)], [(119, -88), (116, -132), (77, -132), (69, -129), (73, -88), (76, -84)], [(107, -79), (76, -79), (73, -75), (75, -14), (78, -11), (98, -14), (113, -32), (116, -69)], [(113, -1), (89, -7), (81, -5), (72, 40), (73, 47), (97, 56), (107, 54), (114, 8)]]
----------------------------------------------------------------------------------------------------------------------------------------------------------------------------------------------


==============================================================================================================================================================================================
Dimensão: (461, 307)
Máximo: 70%
Tempo pré-processamento NFPs: 10.13s
==============================================================================================================================================================================================

----------------------------------------------------------------------------------------------------------------------------------------------------------------------------------------------
RESULTADOS GCG:
GCG: Tempo: 179.57s, Area: 47.27%, Peças: 15/16, Fecho: 68.0%, Box: 78.0%
Peças GCG: [[(-172, -107), (-194, -103), (-198, 183), (-172, 186)], [(-150, -107), (-167, -103), (-170, 183), (-157, 188), (-146, 183)], [(-141, -107), (-146, -11), (-132, 13), (-123, 15), (-78, -10), (-58, -48), (-57, -60), (-129, -106)], [(-59, 116), (-57, 14), (-66, -3), (-76, -6), (-116, 17), (-140, 58), (-142, 69), (-135, 78)], [(-143, 107), (-140, 159), (-107, 168), (-63, 168), (-61, 120), (-107, 105)], [(-41, -107), (-54, -85), (-56, 11), (-52, 18), (31, -26), (30, -41), (11, -81)], [(21, 8), (18, 4), (-29, 11), (-51, 21), (-51, 26), (-42, 31), (21, 33)], [(24, 72), (24, 41), (20, 38), (-41, 40), (-44, 43), (-41, 63), (-23, 78), (14, 81)], [(-49, 119), (-40, 130), (-2, 130), (17, 111), (17, 91), (14, 87), (-4, 85), (-47, 88), (-50, 91)], [(1, 179), (-2, 135), (-41, 135), (-49, 138), (-45, 179), (-42, 183)], [(30, -107), (36, -22), (55, 4), (69, 4), (77, -6), (85, -102)], [(43, 90), (53, 90), (79, 60), (82, 21), (80, 11), (54, 8), (42, 11), (39, 87)], [(78, 175), (85, 168), (79, 97), (67, 93), (41, 97), (39, 106), (44, 143), (68, 175)], [(107, -107), (86, -74), (94, 20), (177, -25), (172, -50), (153, -82)], [(95, 23), (89, 46), (91, 54), (136, 63), (143, 62), (152, 39), (150, 29), (104, 21)]]
----------------------------------------------------------------------------------------------------------------------------------------------------------------------------------------------


==============================================================================================================================================================================================
Dimensão: (431, 287)
Máximo: 80%
Tempo pré-processamento NFPs: 10.13s
==============================================================================================================================================================================================

----------------------------------------------------------------------------------------------------------------------------------------------------------------------------------------------
RESULTADOS GCG:
GCG: Tempo: 89.44s, Area: 43.73%, Peças: 13/16, Fecho: 63.0%, Box: 69.0%
Peças GCG: [[(-195, -87), (-200, 9), (-186, 33), (-177, 35), (-132, 10), (-112, -28), (-111, -40), (-183, -86)], [(-112, 136), (-110, 34), (-119, 17), (-129, 14), (-169, 37), (-193, 78), (-195, 89), (-188, 98)], [(-196, 127), (-193, 179), (-160, 188), (-116, 188), (-114, 140), (-160, 125)], [(16, -72), (-7, -85), (-103, -87), (-110, -83), (-66, 0), (-51, -1), (-10, -20)], [(-78, 32), (-74, 29), (-81, -18), (-91, -40), (-96, -40), (-101, -31), (-103, 32)], [(-7, 118), (14, 85), (6, -9), (-77, 37), (-72, 62), (-53, 94)], [(-98, 51), (-105, 57), (-99, 128), (-87, 132), (-61, 128), (-59, 119), (-64, 83), (-88, 50)], [(11, 129), (-74, 135), (-100, 154), (-100, 168), (-90, 176), (7, 184)], [(60, -87), (16, -84), (16, -45), (19, -37), (60, -41), (64, -44)], [(50, -32), (19, -32), (16, -28), (18, 33), (21, 36), (41, 33), (56, 15), (59, -22)], [(21, 121), (31, 121), (57, 91), (60, 52), (58, 42), (32, 39), (20, 42), (17, 118)], [(60, 130), (36, 124), (28, 126), (19, 171), (20, 178), (44, 187), (54, 185), (61, 139)], [(98, -21), (109, -30), (109, -68), (90, -87), (70, -87), (66, -84), (64, -66), (67, -23), (70, -20)]]
----------------------------------------------------------------------------------------------------------------------------------------------------------------------------------------------


||||||||||||||||||||||||||||||||||||||||||||||||||||||||||||||||||||||||||||||||||||||||||||||||||||||||||||||||||||||||||||||||||||||||||||||||||||||||||||||||||||||||||||||||||||||||||||||
Instância: embraer_3153
Data e Hora: 27/01/2025 11:26
Margem: True
{'dimensoes': ['50', '60', '70', '80'], 'algoritmos': {'GCG': 1, 'GRASP': 0, 'GRASP_GCG': 0, 'Random_Key': 0}, 'num_execucoes': 1}
||||||||||||||||||||||||||||||||||||||||||||||||||||||||||||||||||||||||||||||||||||||||||||||||||||||||||||||||||||||||||||||||||||||||||||||||||||||||||||||||||||||||||||||||||||||||||||||


==============================================================================================================================================================================================
Dimensão: (553, 369)
Máximo: 50%
Tempo pré-processamento NFPs: 10.42s
==============================================================================================================================================================================================

----------------------------------------------------------------------------------------------------------------------------------------------------------------------------------------------
RESULTADOS GCG:
GCG: Tempo: 241.09s, Area: 49.96%, Peças: 17/17, Fecho: 70.0%, Box: 88.0%
Peças GCG: [[(-172, -169), (-194, -165), (-198, 121), (-172, 124)], [(-172, 128), (-193, 128), (-193, 161), (-177, 161), (-172, 156)], [(-165, -168), (-172, -162), (-166, -91), (-154, -87), (-128, -91), (-126, -100), (-131, -136), (-155, -169)], [(-127, -86), (-167, -79), (-168, 64), (-150, 121), (-126, 118)], [(-135, 125), (-166, 125), (-169, 129), (-167, 190), (-164, 193), (-144, 190), (-129, 172), (-126, 135)], [(-103, -169), (-120, -165), (-123, 121), (-110, 126), (-99, 121)], [(-58, -169), (-99, -165), (-91, 39), (-70, 39), (-53, -19), (-53, -164)], [(-89, 93), (-71, 93), (-68, 90), (-69, 47), (-72, 44), (-90, 44), (-92, 47), (-92, 90)], [(-71, 98), (-86, 100), (-92, 105), (-92, 192), (-85, 196), (-78, 194), (-62, 105)], [(13, -157), (4, -169), (-34, -168), (-53, -150), (-53, -130), (-50, -126), (-32, -124), (11, -126), (14, -129)], [(11, -121), (-41, -118), (-50, -85), (-49, -41), (-1, -39), (13, -85)], [(-49, -36), (-43, 49), (-24, 75), (-10, 75), (-2, 65), (6, -31)], [(-9, 79), (-24, 79), (-41, 103), (-41, 191), (-1, 188), (2, 92)], [(15, -169), (31, -23), (99, 46), (141, -164)], [(24, 93), (34, 93), (60, 63), (63, 24), (61, 14), (35, 11), (23, 14), (20, 90)], [(107, 154), (107, 86), (104, 83), (35, 98), (38, 154)], [(294, -167), (143, -169), (143, 9), (172, 47), (189, 44), (286, -111)]]
----------------------------------------------------------------------------------------------------------------------------------------------------------------------------------------------


==============================================================================================================================================================================================
Dimensão: (505, 336)
Máximo: 60%
Tempo pré-processamento NFPs: 10.42s
==============================================================================================================================================================================================

----------------------------------------------------------------------------------------------------------------------------------------------------------------------------------------------
RESULTADOS GCG:
GCG: Tempo: 242.17s, Area: 57.43%, Peças: 16/17, Fecho: 85.0%, Box: 96.0%
Peças GCG: [[(-172, -136), (-194, -132), (-198, 154), (-172, 157)], [(-172, 161), (-193, 161), (-193, 194), (-177, 194), (-172, 189)], [(-150, -136), (-167, -132), (-170, 154), (-157, 159), (-146, 154)], [(-104, -136), (-144, -129), (-145, 14), (-127, 71), (-103, 68)], [(-114, 74), (-129, 76), (-135, 81), (-135, 168), (-128, 172), (-121, 170), (-105, 81)], [(-62, -136), (-103, -132), (-95, 72), (-74, 72), (-57, 14), (-57, -131)], [(-92, 126), (-74, 126), (-71, 123), (-72, 80), (-75, 77), (-93, 77), (-95, 80), (-95, 123)], [(-68, 131), (-99, 131), (-102, 135), (-100, 196), (-97, 199), (-77, 196), (-62, 178), (-59, 141)], [(10, -124), (1, -136), (-37, -135), (-56, -117), (-56, -97), (-53, -93), (-35, -91), (8, -93), (11, -96)], [(7, -88), (-45, -85), (-54, -52), (-53, -8), (-5, -6), (9, -52)], [(-53, -3), (-47, 82), (-28, 108), (-14, 108), (-6, 98), (2, 2)], [(-39, 194), (-29, 194), (-3, 164), (0, 125), (-2, 115), (-28, 112), (-40, 115), (-43, 191)], [(163, -134), (12, -136), (12, 42), (41, 80), (58, 77), (155, -78)], [(50, 165), (57, 158), (51, 87), (39, 83), (13, 87), (11, 96), (16, 133), (40, 165)], [(164, -136), (180, 10), (248, 79), (290, -131)], [(210, 47), (195, 47), (178, 71), (178, 159), (218, 156), (221, 60)]]
----------------------------------------------------------------------------------------------------------------------------------------------------------------------------------------------


==============================================================================================================================================================================================
Dimensão: (467, 312)
Máximo: 70%
Tempo pré-processamento NFPs: 10.42s
==============================================================================================================================================================================================

----------------------------------------------------------------------------------------------------------------------------------------------------------------------------------------------
RESULTADOS GCG:
GCG: Tempo: 256.56s, Area: 57.78%, Peças: 16/17, Fecho: 84.0%, Box: 95.0%
Peças GCG: [[(-172, -112), (-194, -108), (-198, 178), (-172, 181)], [(-150, -112), (-167, -108), (-170, 178), (-157, 183), (-146, 178)], [(-112, -46), (-101, -55), (-101, -93), (-120, -112), (-140, -112), (-144, -109), (-146, -91), (-143, -48), (-140, -45)], [(-107, -19), (-107, -40), (-140, -40), (-140, -24), (-135, -19)], [(-144, 193), (-104, 186), (-103, 43), (-121, -14), (-145, -11)], [(-60, -112), (-101, -108), (-93, 96), (-72, 96), (-55, 38), (-55, -107)], [(-90, 150), (-72, 150), (-69, 147), (-70, 104), (-73, 101), (-91, 101), (-93, 104), (-93, 147)], [(-55, -112), (-49, -27), (-30, -1), (-16, -1), (-8, -11), (0, -107)], [(-15, 4), (-30, 4), (-47, 28), (-47, 116), (-7, 113), (-4, 17)], [(-16, 121), (-47, 121), (-50, 125), (-48, 186), (-45, 189), (-25, 186), (-10, 168), (-7, 131)], [(152, -110), (1, -112), (1, 66), (30, 104), (47, 101), (144, -54)], [(5, 188), (15, 188), (41, 158), (44, 119), (42, 109), (16, 106), (4, 109), (1, 185)], [(225, -112), (157, -112), (154, -109), (169, -40), (225, -43)], [(208, 45), (215, 38), (209, -33), (197, -37), (171, -33), (169, -24), (174, 13), (198, 45)], [(162, 131), (214, 128), (222, 95), (222, 51), (174, 49), (160, 95)], [(248, -112), (233, -110), (227, -105), (227, -18), (234, -14), (241, -16), (257, -105)]]
----------------------------------------------------------------------------------------------------------------------------------------------------------------------------------------------


==============================================================================================================================================================================================
Dimensão: (437, 291)
Máximo: 80%
Tempo pré-processamento NFPs: 10.42s
==============================================================================================================================================================================================

----------------------------------------------------------------------------------------------------------------------------------------------------------------------------------------------
RESULTADOS GCG:
GCG: Tempo: 141.89s, Area: 62.74%, Peças: 12/17, Fecho: 88.0%, Box: 97.0%
Peças GCG: [[(-157, -91), (-197, -84), (-198, 59), (-180, 116), (-156, 113)], [(-193, 121), (-193, 142), (-160, 142), (-160, 126), (-166, 121)], [(-168, 147), (-186, 147), (-189, 150), (-188, 193), (-185, 196), (-167, 196), (-165, 193), (-165, 150)], [(-115, -91), (-156, -87), (-148, 117), (-127, 117), (-110, 59), (-110, -86)], [(-122, 122), (-153, 122), (-156, 126), (-154, 187), (-151, 190), (-131, 187), (-116, 169), (-113, 132)], [(-48, -91), (-100, -88), (-109, -55), (-108, -11), (-60, -9), (-46, -55)], [(-108, -6), (-102, 79), (-83, 105), (-69, 105), (-61, 95), (-53, -1)], [(-97, 110), (-108, 119), (-108, 157), (-89, 176), (-69, 176), (-65, 173), (-64, 155), (-66, 112), (-69, 109)], [(-46, -91), (-30, 55), (38, 124), (80, -86)], [(-9, 93), (-16, 99), (-10, 170), (2, 174), (28, 170), (30, 161), (25, 125), (1, 92)], [(232, -89), (81, -91), (81, 87), (110, 125), (127, 122), (224, -33)], [(166, 189), (166, 121), (163, 118), (94, 133), (97, 189)]]
----------------------------------------------------------------------------------------------------------------------------------------------------------------------------------------------


||||||||||||||||||||||||||||||||||||||||||||||||||||||||||||||||||||||||||||||||||||||||||||||||||||||||||||||||||||||||||||||||||||||||||||||||||||||||||||||||||||||||||||||||||||||||||||||
Instância: embraer_3089
Data e Hora: 27/01/2025 11:26
Margem: True
{'dimensoes': ['50', '60', '70', '80'], 'algoritmos': {'GCG': 1, 'GRASP': 0, 'GRASP_GCG': 0, 'Random_Key': 0}, 'num_execucoes': 1}
||||||||||||||||||||||||||||||||||||||||||||||||||||||||||||||||||||||||||||||||||||||||||||||||||||||||||||||||||||||||||||||||||||||||||||||||||||||||||||||||||||||||||||||||||||||||||||||


==============================================================================================================================================================================================
Dimensão: (601, 401)
Máximo: 50%
Tempo pré-processamento NFPs: 11.04s
==============================================================================================================================================================================================

----------------------------------------------------------------------------------------------------------------------------------------------------------------------------------------------
RESULTADOS GCG:
GCG: Tempo: 181.15s, Area: 50.03%, Peças: 18/18, Fecho: 70.0%, Box: 73.0%
Peças GCG: [[(-161, -17), (-156, -23), (-162, -201), (-194, -201), (-198, -17)], [(-199, -12), (-199, 178), (-165, 178), (-161, -12)], [(-150, -201), (-156, -194), (-156, -96), (-149, -88), (-111, -88), (-104, -98), (-97, -194), (-104, -201)], [(-107, 123), (-100, 115), (-102, -76), (-112, -83), (-148, -83), (-155, -76), (-147, 117), (-140, 124)], [(-141, 197), (-129, 197), (-105, 172), (-105, 129), (-107, 127), (-137, 129), (-143, 172), (-144, 196)], [(-96, -201), (-96, 27), (14, 28), (-34, -201)], [(13, 32), (-84, 32), (-85, 76), (13, 70)], [(-84, 126), (3, 126), (3, 79), (-84, 81)], [(-7, 131), (-75, 131), (-76, 179), (-7, 180)], [(104, -150), (103, -201), (14, -201), (16, -153)], [(104, -145), (44, -145), (22, -123), (22, -83), (45, -61), (104, -62)], [(98, 76), (102, 70), (101, -34), (74, -56), (45, -53), (26, -35), (25, 70), (31, 76)], [(34, 80), (47, 199), (94, 200), (95, 80)], [(169, -75), (194, -134), (194, -191), (170, -201), (130, -201), (106, -192), (105, -127), (135, -76)], [(110, -69), (110, -57), (135, -33), (178, -33), (180, -35), (178, -65), (135, -71), (111, -72)], [(165, 105), (173, 93), (188, -21), (178, -29), (119, -28), (112, -20), (112, 94), (119, 105)], [(242, -201), (195, -198), (210, -60), (237, -61)], [(240, -55), (210, -55), (212, 131), (237, 129)]]
----------------------------------------------------------------------------------------------------------------------------------------------------------------------------------------------


==============================================================================================================================================================================================
Dimensão: (549, 366)
Máximo: 60%
Tempo pré-processamento NFPs: 11.04s
==============================================================================================================================================================================================

----------------------------------------------------------------------------------------------------------------------------------------------------------------------------------------------
RESULTADOS GCG:
GCG: Tempo: 155.82s, Area: 55.32%, Peças: 17/18, Fecho: 78.0%, Box: 84.0%
Peças GCG: [[(-194, -166), (-200, -159), (-200, -61), (-193, -53), (-155, -53), (-148, -63), (-141, -159), (-148, -166)], [(-151, 158), (-144, 150), (-146, -41), (-156, -48), (-192, -48), (-199, -41), (-191, 152), (-184, 159)], [(-140, -166), (-140, 62), (-30, 63), (-78, -166)], [(-140, 66), (-139, 117), (-50, 117), (-53, 69)], [(-51, 122), (-138, 122), (-139, 169), (-51, 167)], [(53, -166), (-7, -166), (-29, -144), (-29, -104), (-6, -82), (53, -83)], [(-18, -74), (-18, -62), (7, -38), (50, -38), (52, -40), (50, -70), (7, -76), (-17, -77)], [(-19, -32), (-19, -20), (6, 4), (49, 4), (51, 2), (49, -28), (6, -34), (-18, -35)], [(-28, 57), (40, 57), (40, 9), (-28, 8)], [(26, 196), (34, 184), (49, 70), (39, 62), (-20, 63), (-27, 71), (-27, 185), (-20, 196)], [(54, -166), (54, -69), (98, -68), (92, -166)], [(60, -63), (60, 127), (94, 127), (98, -63)], [(173, -34), (177, -40), (176, -144), (149, -166), (120, -163), (101, -145), (100, -40), (106, -34)], [(109, -29), (122, 90), (169, 91), (170, -29)], [(224, -166), (177, -163), (192, -25), (219, -26)], [(222, -20), (192, -20), (194, 166), (219, 164)], [(263, 18), (268, 12), (262, -166), (230, -166), (226, 18)]]
----------------------------------------------------------------------------------------------------------------------------------------------------------------------------------------------


==============================================================================================================================================================================================
Dimensão: (508, 338)
Máximo: 70%
Tempo pré-processamento NFPs: 11.04s
==============================================================================================================================================================================================

----------------------------------------------------------------------------------------------------------------------------------------------------------------------------------------------
RESULTADOS GCG:
GCG: Tempo: 158.85s, Area: 64.99%, Peças: 17/18, Fecho: 89.0%, Box: 93.0%
Peças GCG: [[(-194, -138), (-200, -131), (-200, -33), (-193, -25), (-155, -25), (-148, -35), (-141, -131), (-148, -138)], [(-151, 186), (-144, 178), (-146, -13), (-156, -20), (-192, -20), (-199, -13), (-191, 180), (-184, 187)], [(-140, -138), (-140, 90), (-30, 91), (-78, -138)], [(-140, 94), (-139, 145), (-50, 145), (-53, 97)], [(-51, 150), (-138, 150), (-139, 197), (-51, 195)], [(-29, -138), (-29, -41), (15, -40), (9, -138)], [(-23, -35), (-23, 155), (11, 155), (15, -35)], [(90, -6), (94, -12), (93, -116), (66, -138), (37, -135), (18, -117), (17, -12), (23, -6)], [(90, -1), (22, -1), (21, 47), (90, 48)], [(29, 52), (42, 171), (89, 172), (90, 52)], [(133, 46), (138, 40), (132, -138), (100, -138), (96, 46)], [(99, 121), (111, 121), (135, 96), (135, 53), (133, 51), (103, 53), (97, 96), (96, 120)], [(184, -138), (137, -135), (152, 3), (179, 2)], [(182, 7), (152, 7), (154, 193), (179, 191)], [(250, -12), (275, -71), (275, -128), (251, -138), (211, -138), (187, -129), (186, -64), (216, -13)], [(191, 76), (251, 76), (273, 54), (272, 14), (250, -8), (191, -7)], [(267, 117), (267, 105), (242, 81), (199, 81), (197, 83), (199, 113), (242, 119), (266, 120)]]
----------------------------------------------------------------------------------------------------------------------------------------------------------------------------------------------


==============================================================================================================================================================================================
Dimensão: (475, 317)
Máximo: 80%
Tempo pré-processamento NFPs: 11.04s
==============================================================================================================================================================================================

----------------------------------------------------------------------------------------------------------------------------------------------------------------------------------------------
RESULTADOS GCG:
GCG: Tempo: 146.37s, Area: 66.21%, Peças: 15/18, Fecho: 89.0%, Box: 92.0%
Peças GCG: [[(-200, -117), (-200, -20), (-156, -19), (-162, -117)], [(-194, -14), (-194, 176), (-160, 176), (-156, -14)], [(-80, 15), (-76, 9), (-77, -95), (-104, -117), (-133, -114), (-152, -96), (-153, 9), (-147, 15)], [(-80, 20), (-148, 20), (-149, 68), (-80, 69)], [(-141, 73), (-128, 192), (-81, 193), (-80, 73)], [(-70, -117), (-76, -110), (-76, -12), (-69, -4), (-31, -4), (-24, -14), (-17, -110), (-24, -117)], [(-72, 0), (-72, 87), (-25, 88), (-27, 0)], [(-25, 93), (-76, 94), (-76, 183), (-28, 181)], [(32, 89), (39, 81), (37, -110), (27, -117), (-9, -117), (-16, -110), (-8, 83), (-1, 90)], [(-2, 163), (10, 163), (34, 138), (34, 95), (32, 93), (2, 95), (-4, 138), (-5, 162)], [(77, 67), (82, 61), (76, -117), (44, -117), (40, 67)], [(43, 142), (55, 142), (79, 117), (79, 74), (77, 72), (47, 74), (41, 117), (40, 141)], [(217, -94), (205, -102), (91, -117), (83, -107), (84, -48), (91, -41), (206, -41), (217, -48)], [(201, 192), (201, -36), (91, -37), (139, 192)], [(248, -117), (218, -117), (220, 69), (245, 67)]]
----------------------------------------------------------------------------------------------------------------------------------------------------------------------------------------------


||||||||||||||||||||||||||||||||||||||||||||||||||||||||||||||||||||||||||||||||||||||||||||||||||||||||||||||||||||||||||||||||||||||||||||||||||||||||||||||||||||||||||||||||||||||||||||||
Instância: embraer_3086
Data e Hora: 27/01/2025 11:26
Margem: True
{'dimensoes': ['50', '60', '70', '80'], 'algoritmos': {'GCG': 1, 'GRASP': 0, 'GRASP_GCG': 0, 'Random_Key': 0}, 'num_execucoes': 1}
||||||||||||||||||||||||||||||||||||||||||||||||||||||||||||||||||||||||||||||||||||||||||||||||||||||||||||||||||||||||||||||||||||||||||||||||||||||||||||||||||||||||||||||||||||||||||||||


==============================================================================================================================================================================================
Dimensão: (631, 421)
Máximo: 50%
Tempo pré-processamento NFPs: 10.94s
==============================================================================================================================================================================================

----------------------------------------------------------------------------------------------------------------------------------------------------------------------------------------------
RESULTADOS GCG:
GCG: Tempo: 307.15s, Area: 49.86%, Peças: 17/17, Fecho: 67.0%, Box: 75.0%
Peças GCG: [[(-181, -221), (-198, -42), (-193, 66), (-174, 158), (-128, 170), (-116, 155), (-107, -220)], [(-12, 153), (-31, -221), (-71, -219), (-105, -77), (-93, 150)], [(-93, 179), (-90, 183), (-43, 177), (-21, 167), (-21, 162), (-30, 157), (-93, 154)], [(21, -155), (32, -164), (32, -202), (13, -221), (-7, -221), (-11, -218), (-13, -200), (-10, -157), (-7, -154)], [(31, -143), (7, -149), (-1, -147), (-10, -102), (-9, -95), (15, -86), (25, -88), (32, -134)], [(-2, -15), (29, -15), (32, -19), (30, -80), (27, -83), (7, -80), (-8, -62), (-11, -25)], [(-10, 196), (30, 189), (31, 46), (13, -11), (-11, -8)], [(60, -221), (38, -217), (34, 69), (60, 72)], [(81, -221), (64, -217), (61, 69), (74, 74), (85, 69)], [(157, -221), (85, -213), (85, -146), (88, -137), (157, -146)], [(148, -113), (148, -129), (145, -132), (88, -132), (88, -123), (115, -93), (129, -93)], [(145, -44), (142, -88), (103, -88), (95, -85), (99, -44), (102, -40)], [(145, -39), (104, -35), (112, 169), (133, 169), (150, 111), (150, -34)], [(281, -219), (179, -221), (162, -212), (159, -202), (181, -162), (223, -138), (234, -136), (243, -143)], [(166, -159), (161, -63), (175, -39), (184, -37), (229, -62), (249, -100), (250, -112), (178, -158)], [(258, 47), (271, 24), (273, -72), (269, -79), (186, -34), (187, -19), (206, 21)], [(181, 13), (160, 46), (168, 140), (251, 95), (246, 70), (227, 38)]]
----------------------------------------------------------------------------------------------------------------------------------------------------------------------------------------------


==============================================================================================================================================================================================
Dimensão: (576, 384)
Máximo: 60%
Tempo pré-processamento NFPs: 10.94s
==============================================================================================================================================================================================

----------------------------------------------------------------------------------------------------------------------------------------------------------------------------------------------
RESULTADOS GCG:
GCG: Tempo: 332.26s, Area: 46.28%, Peças: 16/17, Fecho: 65.0%, Box: 86.0%
Peças GCG: [[(-105, 190), (-124, -184), (-164, -182), (-198, -40), (-186, 187)], [(-78, -184), (-100, -180), (-104, 106), (-78, 109)], [(-57, -184), (-74, -180), (-77, 106), (-64, 111), (-53, 106)], [(-19, -118), (-8, -127), (-8, -165), (-27, -184), (-47, -184), (-51, -181), (-53, -163), (-50, -120), (-47, -117)], [(-31, -112), (-47, -112), (-50, -109), (-50, -52), (-41, -52), (-11, -79), (-11, -93)], [(-51, 158), (-11, 151), (-10, 8), (-28, -49), (-52, -46)], [(33, -184), (-8, -180), (0, 24), (21, 24), (38, -34), (38, -179)], [(-2, 29), (-6, 32), (1, 79), (11, 101), (16, 101), (21, 92), (23, 29)], [(34, 111), (10, 105), (2, 107), (-7, 152), (-6, 159), (18, 168), (28, 166), (35, 120)], [(44, -184), (39, -88), (53, -64), (62, -62), (107, -87), (127, -125), (128, -137), (56, -183)], [(126, 39), (128, -63), (119, -80), (109, -83), (69, -60), (45, -19), (43, -8), (50, 1)], [(86, 24), (55, 24), (52, 28), (54, 89), (57, 92), (77, 89), (92, 71), (95, 34)], [(57, 142), (101, 139), (101, 100), (98, 92), (57, 97), (53, 100)], [(144, -184), (131, -162), (129, -66), (133, -59), (216, -103), (215, -118), (196, -158)], [(133, 19), (205, 11), (205, -56), (202, -65), (133, -55)], [(238, -184), (217, -151), (225, -57), (308, -102), (303, -127), (284, -159)]]
----------------------------------------------------------------------------------------------------------------------------------------------------------------------------------------------


==============================================================================================================================================================================================
Dimensão: (533, 355)
Máximo: 70%
Tempo pré-processamento NFPs: 10.94s
==============================================================================================================================================================================================

----------------------------------------------------------------------------------------------------------------------------------------------------------------------------------------------
RESULTADOS GCG:
GCG: Tempo: 261.91s, Area: 39.77%, Peças: 15/17, Fecho: 59.0%, Box: 65.0%
Peças GCG: [[(-172, -155), (-194, -151), (-198, 135), (-172, 138)], [(-150, -155), (-167, -151), (-170, 135), (-157, 140), (-146, 135)], [(-112, -89), (-101, -98), (-101, -136), (-120, -155), (-140, -155), (-144, -152), (-146, -134), (-143, -91), (-140, -88)], [(-102, -77), (-126, -83), (-134, -81), (-143, -36), (-142, -29), (-118, -20), (-108, -22), (-101, -68)], [(-143, 191), (-103, 184), (-102, 41), (-120, -16), (-144, -13)], [(-60, -155), (-101, -151), (-93, 53), (-72, 53), (-55, -5), (-55, -150)], [(-95, 58), (-99, 61), (-92, 108), (-82, 130), (-77, 130), (-72, 121), (-70, 58)], [(-39, -155), (-52, -133), (-54, -37), (-50, -30), (33, -74), (32, -89), (13, -129)], [(-50, 48), (22, 40), (22, -27), (19, -36), (-50, -26)], [(15, 85), (15, 54), (11, 51), (-50, 53), (-53, 56), (-50, 76), (-32, 91), (5, 94)], [(7, 118), (7, 102), (4, 99), (-53, 99), (-53, 108), (-26, 138), (-12, 138)], [(4, 187), (1, 143), (-38, 143), (-46, 146), (-42, 187), (-39, 191)], [(156, -153), (54, -155), (37, -146), (34, -136), (56, -96), (98, -72), (109, -70), (118, -77)], [(41, -93), (36, 3), (50, 27), (59, 29), (104, 4), (124, -34), (125, -46), (53, -92)], [(131, 113), (152, 80), (144, -14), (61, 32), (66, 57), (85, 89)]]
----------------------------------------------------------------------------------------------------------------------------------------------------------------------------------------------


==============================================================================================================================================================================================
Dimensão: (499, 332)
Máximo: 80%
Tempo pré-processamento NFPs: 10.94s
==============================================================================================================================================================================================

