==============================================================================================================================================================================================
RESULTADOS GERAIS: 02/02/2025 23:24
==============================================================================================================================================================================================


||||||||||||||||||||||||||||||||||||||||||||||||||||||||||||||||||||||||||||||||||||||||||||||||||||||||||||||||||||||||||||||||||||||||||||||||||||||||||||||||||||||||||||||||||||||||||||||
Instância: embraer_3274
Data e Hora: 02/02/2025 23:24
Margem: True
{'dimensoes': ['50', '60', '70', '80'], 'algoritmos': {'GCG': 1, 'GRASP': 0, 'GRASP_GCG': 0, 'Random_Key': 0}, 'num_execucoes': 1}
||||||||||||||||||||||||||||||||||||||||||||||||||||||||||||||||||||||||||||||||||||||||||||||||||||||||||||||||||||||||||||||||||||||||||||||||||||||||||||||||||||||||||||||||||||||||||||||


==============================================================================================================================================================================================
Dimensão: (546, 364)
Máximo: 50%
Tempo pré-processamento NFPs: 9.96s
==============================================================================================================================================================================================

----------------------------------------------------------------------------------------------------------------------------------------------------------------------------------------------
RESULTADOS GCG:
GCG: Tempo: 136.85s, Area: 50.01%, Peças: 16/16, Fecho: 83.0%, Box: 90.0%
Peças GCG: [[(-200, -58), (-141, -21), (136, -77), (134, -146), (-81, -164), (-180, -100)], [(-173, 8), (-170, 12), (-123, 6), (-101, -4), (-101, -9), (-110, -14), (-173, -17)], [(-91, 17), (-98, 10), (-169, 16), (-173, 28), (-169, 54), (-160, 56), (-124, 51), (-91, 27)], [(-184, 93), (-175, 104), (-137, 104), (-118, 85), (-118, 65), (-121, 61), (-139, 59), (-182, 62), (-185, 65)], [(-156, 109), (-200, 112), (-200, 151), (-197, 159), (-156, 155), (-152, 152)], [(-114, 109), (-145, 109), (-148, 113), (-146, 174), (-143, 177), (-123, 174), (-108, 156), (-105, 119)], [(5, 40), (-91, 35), (-115, 49), (-117, 58), (-92, 103), (-53, 123), (-41, 124), (5, 52)], [(78, -37), (-24, -39), (-41, -30), (-44, -20), (-22, 20), (20, 44), (31, 46), (40, 39)], [(-67, 142), (-91, 136), (-99, 138), (-108, 183), (-107, 190), (-83, 199), (-73, 197), (-66, 151)], [(-13, 112), (-23, 112), (-49, 142), (-52, 181), (-50, 191), (-24, 194), (-12, 191), (-9, 116)], [(56, 61), (4, 64), (-5, 97), (-4, 141), (44, 143), (58, 97)], [(57, 13), (63, 98), (82, 124), (96, 124), (104, 114), (112, 18)], [(266, -143), (233, -164), (139, -156), (184, -73), (210, -78), (242, -97)], [(243, 29), (256, 6), (258, -90), (254, -97), (171, -52), (172, -37), (191, 3)], [(141, 195), (163, 191), (167, -95), (141, -98)], [(288, -164), (271, -160), (268, 126), (281, 131), (292, 126)]]
----------------------------------------------------------------------------------------------------------------------------------------------------------------------------------------------


==============================================================================================================================================================================================
Dimensão: (498, 332)
Máximo: 60%
Tempo pré-processamento NFPs: 9.96s
==============================================================================================================================================================================================

----------------------------------------------------------------------------------------------------------------------------------------------------------------------------------------------
RESULTADOS GCG:
GCG: Tempo: 118.36s, Area: 60.02%, Peças: 16/16, Fecho: 82.0%, Box: 95.0%
Peças GCG: [[(-200, -26), (-141, 11), (136, -45), (134, -114), (-81, -132), (-180, -68)], [(-173, 39), (-170, 43), (-123, 37), (-101, 27), (-101, 22), (-110, 17), (-173, 14)], [(-91, 49), (-98, 42), (-169, 48), (-173, 60), (-169, 86), (-160, 88), (-124, 83), (-91, 59)], [(-184, 125), (-175, 136), (-137, 136), (-118, 117), (-118, 97), (-121, 93), (-139, 91), (-182, 94), (-185, 97)], [(-45, 163), (-24, 130), (-32, 36), (-115, 82), (-110, 107), (-91, 139)], [(81, -4), (-15, -9), (-39, 5), (-41, 14), (-16, 59), (23, 79), (35, 80), (81, 8)], [(12, 77), (-19, 77), (-22, 81), (-20, 142), (-17, 145), (3, 142), (18, 124), (21, 87)], [(-184, 196), (-99, 190), (-73, 171), (-74, 157), (-84, 149), (-180, 141)], [(-31, 197), (13, 194), (13, 155), (10, 147), (-31, 152), (-35, 155)], [(19, 181), (71, 178), (79, 145), (79, 101), (31, 99), (17, 145)], [(133, 122), (135, 20), (126, 3), (116, 0), (76, 23), (52, 64), (50, 75), (57, 84)], [(119, 136), (95, 130), (87, 132), (78, 177), (79, 184), (103, 193), (113, 191), (120, 145)], [(167, -132), (145, -128), (141, 158), (167, 161)], [(188, -132), (171, -128), (168, 158), (181, 163), (192, 158)], [(207, -132), (194, -110), (192, -14), (196, -7), (279, -51), (278, -66), (259, -106)], [(250, -25), (240, -25), (214, 5), (211, 44), (213, 54), (239, 57), (251, 54), (254, -21)]]
----------------------------------------------------------------------------------------------------------------------------------------------------------------------------------------------


==============================================================================================================================================================================================
Dimensão: (461, 307)
Máximo: 70%
Tempo pré-processamento NFPs: 9.96s
==============================================================================================================================================================================================

----------------------------------------------------------------------------------------------------------------------------------------------------------------------------------------------
RESULTADOS GCG:
GCG: Tempo: 110.72s, Area: 60.78%, Peças: 14/16, Fecho: 87.0%, Box: 97.0%
Peças GCG: [[(-200, -1), (-141, 36), (136, -20), (134, -89), (-81, -107), (-180, -43)], [(-173, 64), (-170, 68), (-123, 62), (-101, 52), (-101, 47), (-110, 42), (-173, 39)], [(-91, 74), (-98, 67), (-169, 73), (-173, 85), (-169, 111), (-160, 113), (-124, 108), (-91, 84)], [(-89, 30), (-83, 115), (-64, 141), (-50, 141), (-42, 131), (-34, 35)], [(89, 32), (56, 11), (-38, 19), (7, 102), (33, 97), (65, 78)], [(-164, 122), (-164, 132), (-134, 158), (-95, 161), (-85, 159), (-82, 133), (-86, 121), (-161, 118)], [(-42, 188), (10, 185), (18, 152), (18, 108), (-30, 106), (-44, 152)], [(56, 104), (25, 104), (22, 108), (24, 169), (27, 172), (47, 169), (62, 151), (65, 114)], [(104, 133), (80, 127), (72, 129), (63, 174), (64, 181), (88, 190), (98, 188), (105, 142)], [(86, 60), (75, 69), (75, 107), (94, 126), (114, 126), (118, 123), (119, 105), (117, 62), (114, 59)], [(-194, 152), (-191, 196), (-152, 196), (-144, 193), (-149, 152), (-152, 148)], [(167, -107), (145, -103), (141, 183), (167, 186)], [(182, -107), (169, -85), (167, 11), (171, 18), (254, -26), (253, -41), (234, -81)], [(169, 21), (167, 123), (176, 140), (186, 143), (226, 121), (250, 80), (252, 69), (245, 60)]]
----------------------------------------------------------------------------------------------------------------------------------------------------------------------------------------------


==============================================================================================================================================================================================
Dimensão: (431, 287)
Máximo: 80%
Tempo pré-processamento NFPs: 9.96s
==============================================================================================================================================================================================

----------------------------------------------------------------------------------------------------------------------------------------------------------------------------------------------
RESULTADOS GCG:
GCG: Tempo: 96.03s, Area: 64.01%, Peças: 13/16, Fecho: 85.0%, Box: 99.0%
Peças GCG: [[(-200, 19), (-141, 56), (136, 0), (134, -69), (-81, -87), (-180, -23)], [(-173, 84), (-170, 88), (-123, 82), (-101, 72), (-101, 67), (-110, 62), (-173, 59)], [(-91, 94), (-98, 87), (-169, 93), (-173, 105), (-169, 131), (-160, 133), (-124, 128), (-91, 104)], [(23, 66), (-10, 45), (-104, 53), (-59, 136), (-33, 131), (-1, 112)], [(25, 26), (31, 111), (50, 137), (64, 137), (72, 127), (80, 31)], [(-164, 142), (-164, 152), (-134, 178), (-95, 181), (-85, 179), (-82, 153), (-86, 141), (-161, 138)], [(-76, 173), (-67, 184), (-29, 184), (-10, 165), (-10, 145), (-13, 141), (-31, 139), (-74, 142), (-77, 145)], [(27, 119), (-4, 119), (-7, 123), (-5, 184), (-2, 187), (18, 184), (33, 166), (36, 129)], [(84, 141), (40, 144), (40, 183), (43, 191), (84, 187), (88, 184)], [(79, 135), (103, 141), (111, 139), (119, 94), (118, 87), (95, 78), (85, 80), (78, 126)], [(144, -87), (139, 9), (153, 33), (162, 35), (207, 10), (227, -28), (228, -40), (156, -86)], [(214, 36), (162, 39), (153, 72), (154, 116), (202, 118), (216, 72)], [(87, 198), (189, 200), (206, 191), (209, 181), (186, 141), (145, 117), (134, 115), (125, 122)]]
----------------------------------------------------------------------------------------------------------------------------------------------------------------------------------------------


||||||||||||||||||||||||||||||||||||||||||||||||||||||||||||||||||||||||||||||||||||||||||||||||||||||||||||||||||||||||||||||||||||||||||||||||||||||||||||||||||||||||||||||||||||||||||||||
Instância: embraer_3153
Data e Hora: 02/02/2025 23:24
Margem: True
{'dimensoes': ['50', '60', '70', '80'], 'algoritmos': {'GCG': 1, 'GRASP': 0, 'GRASP_GCG': 0, 'Random_Key': 0}, 'num_execucoes': 1}
||||||||||||||||||||||||||||||||||||||||||||||||||||||||||||||||||||||||||||||||||||||||||||||||||||||||||||||||||||||||||||||||||||||||||||||||||||||||||||||||||||||||||||||||||||||||||||||


==============================================================================================================================================================================================
Dimensão: (553, 369)
Máximo: 50%
Tempo pré-processamento NFPs: 10.24s
==============================================================================================================================================================================================

----------------------------------------------------------------------------------------------------------------------------------------------------------------------------------------------
RESULTADOS GCG:
GCG: Tempo: 157.6s, Area: 50.02%, Peças: 17/17, Fecho: 68.0%, Box: 76.0%
Peças GCG: [[(-200, -165), (-196, -148), (90, -144), (95, -157), (90, -169)], [(93, -117), (89, -139), (-197, -143), (-200, -117)], [(91, 38), (93, -113), (-85, -112), (-123, -84), (-120, -67), (35, 30)], [(-127, -78), (-127, -109), (-131, -112), (-192, -110), (-195, -107), (-192, -87), (-174, -72), (-137, -69)], [(-200, -61), (-200, -51), (-170, -25), (-131, -22), (-121, -24), (-118, -50), (-122, -62), (-197, -65)], [(-83, 3), (-85, -12), (-90, -18), (-177, -18), (-181, -11), (-179, -4), (-90, 12)], [(-173, 22), (-169, 63), (35, 56), (35, 35), (-23, 17), (-168, 17)], [(-178, 1), (-199, 1), (-199, 34), (-183, 34), (-178, 29)], [(-169, 68), (-162, 108), (-19, 110), (38, 92), (35, 68)], [(-196, 88), (-178, 88), (-175, 85), (-176, 42), (-179, 39), (-197, 39), (-199, 42), (-199, 85)], [(-67, 146), (-67, 131), (-91, 114), (-179, 114), (-176, 154), (-79, 157)], [(-62, 117), (-59, 169), (-26, 178), (18, 178), (20, 130), (-26, 115)], [(39, 38), (45, 123), (64, 149), (78, 149), (86, 139), (94, 43)], [(88, 166), (79, 154), (41, 155), (22, 173), (22, 193), (25, 197), (43, 199), (86, 197), (89, 194)], [(98, -169), (114, -23), (182, 46), (224, -164)], [(134, 15), (127, 21), (133, 92), (145, 96), (171, 92), (173, 83), (168, 47), (144, 14)], [(179, 101), (111, 101), (108, 104), (123, 173), (179, 170)]]
----------------------------------------------------------------------------------------------------------------------------------------------------------------------------------------------


==============================================================================================================================================================================================
Dimensão: (505, 336)
Máximo: 60%
Tempo pré-processamento NFPs: 10.24s
==============================================================================================================================================================================================

----------------------------------------------------------------------------------------------------------------------------------------------------------------------------------------------
RESULTADOS GCG:
GCG: Tempo: 145.34s, Area: 60.19%, Peças: 17/17, Fecho: 82.0%, Box: 98.0%
Peças GCG: [[(-200, -132), (-196, -115), (90, -111), (95, -124), (90, -136)], [(93, -84), (89, -106), (-197, -110), (-200, -84)], [(91, 71), (93, -80), (-85, -79), (-123, -51), (-120, -34), (35, 63)], [(-127, -45), (-127, -76), (-131, -79), (-192, -77), (-195, -74), (-192, -54), (-174, -39), (-137, -36)], [(-200, -29), (-200, -19), (-170, 7), (-131, 10), (-121, 8), (-118, -18), (-122, -30), (-197, -33)], [(-83, 36), (-85, 21), (-90, 15), (-177, 15), (-181, 22), (-179, 29), (-90, 45)], [(-173, 55), (-169, 96), (35, 89), (35, 68), (-23, 50), (-168, 50)], [(-178, 34), (-199, 34), (-199, 67), (-183, 67), (-178, 62)], [(-169, 101), (-162, 141), (-19, 143), (38, 125), (35, 101)], [(-196, 121), (-178, 121), (-175, 118), (-176, 75), (-179, 72), (-197, 72), (-199, 75), (-199, 118)], [(77, 163), (84, 156), (78, 85), (66, 81), (40, 85), (38, 94), (43, 131), (67, 163)], [(46, 143), (-39, 149), (-65, 168), (-65, 182), (-55, 190), (42, 198)], [(-180, 157), (-180, 172), (-156, 189), (-68, 189), (-72, 149), (-168, 146)], [(98, -136), (114, 10), (182, 79), (224, -131)], [(133, 94), (144, 85), (144, 47), (125, 28), (105, 28), (101, 31), (99, 49), (102, 92), (105, 95)], [(159, 98), (107, 101), (98, 134), (99, 178), (147, 180), (161, 134)], [(225, -136), (225, -68), (228, -65), (297, -79), (294, -136)]]
----------------------------------------------------------------------------------------------------------------------------------------------------------------------------------------------


==============================================================================================================================================================================================
Dimensão: (467, 312)
Máximo: 70%
Tempo pré-processamento NFPs: 10.24s
==============================================================================================================================================================================================

----------------------------------------------------------------------------------------------------------------------------------------------------------------------------------------------
RESULTADOS GCG:
GCG: Tempo: 143.66s, Area: 64.01%, Peças: 15/17, Fecho: 85.0%, Box: 88.0%
Peças GCG: [[(-200, -108), (-196, -91), (90, -87), (95, -100), (90, -112)], [(93, -60), (89, -82), (-197, -86), (-200, -60)], [(91, 95), (93, -56), (-85, -55), (-123, -27), (-120, -10), (35, 87)], [(-127, -21), (-127, -52), (-131, -55), (-192, -53), (-195, -50), (-192, -30), (-174, -15), (-137, -12)], [(-200, -5), (-200, 5), (-170, 31), (-131, 34), (-121, 32), (-118, 6), (-122, -6), (-197, -9)], [(-83, 60), (-85, 45), (-90, 39), (-177, 39), (-181, 46), (-179, 53), (-90, 69)], [(-173, 79), (-169, 120), (35, 113), (35, 92), (-23, 74), (-168, 74)], [(-178, 58), (-199, 58), (-199, 91), (-183, 91), (-178, 86)], [(-169, 125), (-162, 165), (-19, 167), (38, 149), (35, 125)], [(74, 163), (85, 154), (85, 116), (66, 97), (46, 97), (42, 100), (40, 118), (43, 161), (46, 164)], [(-196, 145), (-178, 145), (-175, 142), (-176, 99), (-179, 96), (-197, 96), (-199, 99), (-199, 142)], [(98, -112), (114, 34), (182, 103), (224, -107)], [(134, 72), (127, 78), (133, 149), (145, 153), (171, 149), (173, 140), (168, 104), (144, 71)], [(255, 99), (249, 14), (230, -12), (216, -12), (208, -2), (200, 95)], [(176, 108), (179, 160), (212, 169), (256, 169), (258, 121), (212, 106)]]
----------------------------------------------------------------------------------------------------------------------------------------------------------------------------------------------


==============================================================================================================================================================================================
Dimensão: (437, 291)
Máximo: 80%
Tempo pré-processamento NFPs: 10.24s
==============================================================================================================================================================================================

----------------------------------------------------------------------------------------------------------------------------------------------------------------------------------------------
RESULTADOS GCG:
GCG: Tempo: 128.61s, Area: 66.02%, Peças: 13/17, Fecho: 85.0%, Box: 93.0%
Peças GCG: [[(-200, -87), (-196, -70), (90, -66), (95, -79), (90, -91)], [(93, -39), (89, -61), (-197, -65), (-200, -39)], [(91, 116), (93, -35), (-85, -34), (-123, -6), (-120, 11), (35, 108)], [(-127, -1), (-127, -32), (-131, -35), (-192, -33), (-195, -30), (-192, -10), (-174, 5), (-137, 8)], [(-200, 16), (-200, 26), (-170, 52), (-131, 55), (-121, 53), (-118, 27), (-122, 15), (-197, 12)], [(-83, 81), (-85, 66), (-90, 60), (-177, 60), (-181, 67), (-179, 74), (-90, 90)], [(-173, 100), (-169, 141), (35, 134), (35, 113), (-23, 95), (-168, 95)], [(-178, 79), (-199, 79), (-199, 112), (-183, 112), (-178, 107)], [(-169, 146), (-162, 186), (-19, 188), (38, 170), (35, 146)], [(74, 184), (85, 175), (85, 137), (66, 118), (46, 118), (42, 121), (40, 139), (43, 182), (46, 185)], [(-196, 166), (-178, 166), (-175, 163), (-176, 120), (-179, 117), (-197, 117), (-199, 120), (-199, 163)], [(98, -91), (114, 55), (182, 124), (224, -86)], [(134, 93), (127, 99), (133, 170), (145, 174), (171, 170), (173, 161), (168, 125), (144, 92)]]
----------------------------------------------------------------------------------------------------------------------------------------------------------------------------------------------


||||||||||||||||||||||||||||||||||||||||||||||||||||||||||||||||||||||||||||||||||||||||||||||||||||||||||||||||||||||||||||||||||||||||||||||||||||||||||||||||||||||||||||||||||||||||||||||
Instância: embraer_3089
Data e Hora: 02/02/2025 23:24
Margem: True
{'dimensoes': ['50', '60', '70', '80'], 'algoritmos': {'GCG': 1, 'GRASP': 0, 'GRASP_GCG': 0, 'Random_Key': 0}, 'num_execucoes': 1}
||||||||||||||||||||||||||||||||||||||||||||||||||||||||||||||||||||||||||||||||||||||||||||||||||||||||||||||||||||||||||||||||||||||||||||||||||||||||||||||||||||||||||||||||||||||||||||||


==============================================================================================================================================================================================
Dimensão: (601, 401)
Máximo: 50%
Tempo pré-processamento NFPs: 10.93s
==============================================================================================================================================================================================

----------------------------------------------------------------------------------------------------------------------------------------------------------------------------------------------
RESULTADOS GCG:
GCG: Tempo: 127.3s, Area: 49.97%, Peças: 18/18, Fecho: 66.0%, Box: 70.0%
Peças GCG: [[(29, -201), (-199, -201), (-200, -91), (29, -139)], [(-135, -47), (-76, -22), (-19, -22), (-9, -46), (-9, -86), (-18, -110), (-83, -110), (-134, -81)], [(-199, -86), (-199, -18), (-151, -17), (-150, -85)], [(-199, -14), (-196, 33), (-58, 18), (-59, -9)], [(-58, 23), (-177, 36), (-178, 83), (-58, 84)], [(-49, -18), (-53, -12), (-52, 92), (-25, 114), (4, 111), (23, 93), (24, -12), (18, -18)], [(-188, 142), (-176, 150), (-62, 165), (-54, 155), (-55, 96), (-63, 89), (-177, 89), (-188, 96)], [(-48, 189), (-36, 189), (-12, 164), (-12, 121), (-14, 119), (-44, 121), (-50, 164), (-51, 188)], [(-163, 162), (-163, 174), (-138, 198), (-95, 198), (-93, 196), (-95, 166), (-138, 160), (-162, 159)], [(222, -201), (32, -201), (32, -167), (222, -163)], [(32, -125), (38, -120), (216, -126), (216, -158), (32, -162)], [(119, -77), (216, -77), (216, -121), (119, -115)], [(32, -31), (92, -31), (114, -53), (113, -93), (91, -115), (32, -114)], [(32, -27), (33, 24), (122, 24), (119, -24)], [(172, 134), (179, 126), (177, -65), (167, -72), (131, -72), (124, -65), (132, 128), (139, 135)], [(211, -72), (181, -72), (183, 114), (208, 112)], [(70, 29), (64, 36), (64, 134), (71, 142), (109, 142), (116, 132), (123, 36), (116, 29)], [(65, 193), (152, 193), (152, 146), (65, 148)]]
----------------------------------------------------------------------------------------------------------------------------------------------------------------------------------------------


==============================================================================================================================================================================================
Dimensão: (549, 366)
Máximo: 60%
Tempo pré-processamento NFPs: 10.93s
==============================================================================================================================================================================================

----------------------------------------------------------------------------------------------------------------------------------------------------------------------------------------------
RESULTADOS GCG:
GCG: Tempo: 120.0s, Area: 60.02%, Peças: 18/18, Fecho: 83.0%, Box: 94.0%
Peças GCG: [[(6, -158), (-2, -166), (-193, -163), (-200, -154), (-200, -118), (-193, -111), (0, -118), (7, -125)], [(-8, -106), (-14, -112), (-192, -106), (-192, -74), (-8, -69)], [(-198, -30), (-8, -30), (-8, -64), (-198, -68)], [(-8, 5), (-8, -25), (-194, -23), (-192, 2)], [(-193, 6), (-190, 53), (-52, 38), (-53, 11)], [(-51, 43), (-170, 56), (-171, 103), (-51, 104)], [(-4, 107), (-4, 10), (-48, 9), (-42, 107)], [(-177, 181), (-171, 185), (-67, 184), (-45, 157), (-48, 128), (-66, 109), (-171, 108), (-177, 114)], [(-4, 112), (-16, 112), (-40, 137), (-40, 180), (-38, 182), (-8, 180), (-2, 138), (-1, 114)], [(238, -166), (10, -166), (9, -56), (238, -104)], [(73, -13), (132, 12), (189, 12), (199, -12), (199, -52), (190, -76), (125, -76), (74, -47)], [(9, -51), (9, 17), (57, 18), (58, -50)], [(162, 28), (155, 22), (57, 22), (49, 29), (49, 67), (59, 74), (156, 81), (162, 74)], [(24, 83), (24, 143), (46, 165), (86, 165), (108, 143), (107, 83)], [(164, 86), (113, 87), (113, 176), (161, 174)], [(215, 105), (215, 18), (168, 17), (170, 105)], [(168, 200), (180, 200), (204, 175), (204, 132), (202, 130), (172, 132), (166, 175), (165, 199)], [(263, -166), (255, -153), (240, -40), (250, -32), (309, -33), (316, -40), (316, -154), (309, -166)]]
----------------------------------------------------------------------------------------------------------------------------------------------------------------------------------------------


==============================================================================================================================================================================================
Dimensão: (508, 338)
Máximo: 70%
Tempo pré-processamento NFPs: 10.93s
==============================================================================================================================================================================================

----------------------------------------------------------------------------------------------------------------------------------------------------------------------------------------------
RESULTADOS GCG:
GCG: Tempo: 106.61s, Area: 70.22%, Peças: 18/18, Fecho: 90.0%, Box: 98.0%
Peças GCG: [[(6, -130), (-2, -138), (-193, -135), (-200, -126), (-200, -90), (-193, -83), (0, -90), (7, -97)], [(-8, -78), (-14, -84), (-192, -78), (-192, -46), (-8, -41)], [(-198, -2), (-8, -2), (-8, -36), (-198, -40)], [(-8, 32), (-8, 2), (-194, 4), (-192, 29)], [(-193, 34), (-190, 81), (-52, 66), (-53, 39)], [(-51, 71), (-170, 84), (-171, 131), (-51, 132)], [(5, 37), (-46, 38), (-46, 127), (2, 125)], [(-44, 143), (-51, 137), (-149, 137), (-157, 144), (-157, 182), (-147, 189), (-50, 196), (-44, 189)], [(238, -138), (10, -138), (9, -28), (238, -76)], [(73, 15), (132, 40), (189, 40), (199, 16), (199, -24), (190, -48), (125, -48), (74, -19)], [(9, -23), (9, 45), (57, 46), (58, -22)], [(167, 53), (161, 48), (57, 50), (35, 76), (38, 105), (56, 124), (161, 126), (167, 120)], [(172, 45), (172, 132), (219, 133), (217, 45)], [(109, 130), (12, 130), (11, 174), (109, 168)], [(184, 167), (184, 155), (159, 131), (116, 131), (114, 133), (116, 163), (159, 169), (183, 170)], [(276, -138), (264, -138), (240, -113), (240, -70), (242, -68), (272, -70), (278, -112), (279, -136)], [(276, 70), (284, 58), (299, -56), (289, -64), (230, -63), (223, -55), (223, 59), (230, 70)], [(224, 159), (284, 159), (306, 137), (305, 97), (283, 75), (224, 76)]]
----------------------------------------------------------------------------------------------------------------------------------------------------------------------------------------------


==============================================================================================================================================================================================
Dimensão: (475, 317)
Máximo: 80%
Tempo pré-processamento NFPs: 10.93s
==============================================================================================================================================================================================

----------------------------------------------------------------------------------------------------------------------------------------------------------------------------------------------
RESULTADOS GCG:
GCG: Tempo: 97.04s, Area: 69.91%, Peças: 16/18, Fecho: 91.0%, Box: 100.0%
Peças GCG: [[(6, -109), (-2, -117), (-193, -114), (-200, -105), (-200, -69), (-193, -62), (0, -69), (7, -76)], [(-8, -57), (-14, -63), (-192, -57), (-192, -25), (-8, -20)], [(-198, 18), (-8, 18), (-8, -16), (-198, -20)], [(-8, 53), (-8, 23), (-194, 25), (-192, 50)], [(-193, 55), (-190, 102), (-52, 87), (-53, 60)], [(-51, 92), (-170, 105), (-171, 152), (-51, 153)], [(5, 58), (-46, 59), (-46, 148), (2, 146)], [(-99, 199), (-2, 199), (-2, 155), (-99, 161)], [(-125, 194), (-125, 182), (-150, 158), (-193, 158), (-195, 160), (-193, 190), (-150, 196), (-126, 197)], [(238, -117), (10, -117), (9, -7), (238, -55)], [(73, 36), (132, 61), (189, 61), (199, 37), (199, -3), (190, -27), (125, -27), (74, 2)], [(9, -2), (9, 66), (57, 67), (58, -1)], [(167, 74), (161, 69), (57, 71), (35, 97), (38, 126), (56, 145), (161, 147), (167, 141)], [(172, 66), (172, 153), (219, 154), (217, 66)], [(9, 149), (9, 161), (34, 185), (77, 185), (79, 183), (77, 153), (34, 147), (10, 146)], [(269, 64), (275, 57), (275, -41), (268, -49), (230, -49), (223, -39), (216, 58), (223, 64)]]
----------------------------------------------------------------------------------------------------------------------------------------------------------------------------------------------


||||||||||||||||||||||||||||||||||||||||||||||||||||||||||||||||||||||||||||||||||||||||||||||||||||||||||||||||||||||||||||||||||||||||||||||||||||||||||||||||||||||||||||||||||||||||||||||
Instância: embraer_3086
Data e Hora: 02/02/2025 23:24
Margem: True
{'dimensoes': ['50', '60', '70', '80'], 'algoritmos': {'GCG': 1, 'GRASP': 0, 'GRASP_GCG': 0, 'Random_Key': 0}, 'num_execucoes': 1}
||||||||||||||||||||||||||||||||||||||||||||||||||||||||||||||||||||||||||||||||||||||||||||||||||||||||||||||||||||||||||||||||||||||||||||||||||||||||||||||||||||||||||||||||||||||||||||||


==============================================================================================================================================================================================
Dimensão: (631, 421)
Máximo: 50%
Tempo pré-processamento NFPs: 10.61s
==============================================================================================================================================================================================

----------------------------------------------------------------------------------------------------------------------------------------------------------------------------------------------
RESULTADOS GCG:
GCG: Tempo: 165.93s, Area: 49.96%, Peças: 17/17, Fecho: 76.0%, Box: 89.0%
Peças GCG: [[(174, -221), (-200, -203), (-198, -163), (-56, -128), (171, -140)], [(-191, -119), (-188, -115), (-141, -121), (-119, -131), (-119, -136), (-128, -141), (-191, -144)], [(-188, -110), (-184, -93), (102, -89), (107, -102), (102, -114)], [(105, -62), (101, -84), (-185, -88), (-188, -62)], [(-142, -57), (-135, -17), (8, -15), (65, -33), (62, -57)], [(-192, -53), (-189, -9), (-150, -9), (-142, -12), (-147, -53), (-150, -57)], [(8, 30), (4, -11), (-200, -3), (-200, 18), (-142, 35), (3, 35)], [(-70, 54), (-93, 41), (-189, 39), (-196, 43), (-152, 126), (-137, 125), (-96, 106)], [(-177, 110), (-193, 110), (-196, 113), (-196, 170), (-187, 170), (-157, 143), (-157, 129)], [(-118, 131), (-149, 131), (-152, 135), (-150, 196), (-147, 199), (-127, 196), (-112, 178), (-109, 141)], [(-70, 179), (-59, 170), (-59, 132), (-78, 113), (-98, 113), (-102, 116), (-104, 134), (-101, 177), (-98, 180)], [(9, 40), (-63, 48), (-63, 115), (-60, 124), (9, 115)], [(80, 83), (101, 50), (93, -44), (10, 2), (15, 27), (34, 59)], [(14, 55), (12, 157), (21, 174), (31, 177), (71, 155), (95, 114), (97, 103), (90, 94)], [(-14, 132), (-38, 126), (-46, 128), (-55, 173), (-54, 180), (-30, 189), (-20, 187), (-13, 141)], [(197, -221), (180, -42), (185, 66), (204, 158), (250, 170), (262, 155), (271, -220)], [(277, -221), (272, -125), (286, -101), (295, -99), (340, -124), (360, -162), (361, -174), (289, -220)]]
----------------------------------------------------------------------------------------------------------------------------------------------------------------------------------------------


==============================================================================================================================================================================================
Dimensão: (576, 384)
Máximo: 60%
Tempo pré-processamento NFPs: 10.61s
==============================================================================================================================================================================================

----------------------------------------------------------------------------------------------------------------------------------------------------------------------------------------------
RESULTADOS GCG:
GCG: Tempo: 154.21s, Area: 59.9%, Peças: 17/17, Fecho: 88.0%, Box: 90.0%
Peças GCG: [[(-200, -110), (-21, -92), (87, -97), (179, -116), (191, -162), (176, -174), (-199, -184)], [(-174, -74), (-171, -70), (-124, -76), (-102, -86), (-102, -91), (-111, -96), (-174, -99)], [(37, -32), (33, -73), (-171, -65), (-171, -44), (-113, -27), (32, -27)], [(-41, -8), (-64, -21), (-160, -23), (-167, -19), (-123, 64), (-108, 63), (-67, 44)], [(-161, 71), (-150, 62), (-150, 24), (-169, 5), (-189, 5), (-193, 8), (-195, 26), (-192, 69), (-189, 72)], [(-129, 96), (-129, 80), (-132, 77), (-189, 77), (-189, 86), (-162, 116), (-148, 116)], [(-166, 120), (-197, 120), (-200, 124), (-198, 185), (-195, 188), (-175, 185), (-160, 167), (-157, 130)], [(-122, 68), (-127, 164), (-113, 188), (-104, 190), (-59, 165), (-39, 127), (-38, 115), (-110, 69)], [(-26, -17), (-47, 16), (-39, 110), (44, 65), (39, 40), (20, 8)], [(42, -68), (40, 34), (49, 51), (59, 54), (99, 32), (123, -9), (125, -20), (118, -29)], [(-3, 134), (-27, 128), (-35, 130), (-44, 175), (-43, 182), (-19, 191), (-9, 189), (-2, 143)], [(1, 137), (45, 134), (45, 95), (42, 87), (1, 92), (-3, 95)], [(50, 134), (122, 126), (122, 59), (119, 50), (50, 60)], [(154, -105), (132, -101), (128, 185), (154, 188)], [(163, 185), (180, 181), (183, -105), (170, -110), (159, -105)], [(289, 190), (270, -184), (230, -182), (196, -40), (208, 187)], [(331, -184), (291, -177), (290, -34), (308, 23), (332, 20)]]
----------------------------------------------------------------------------------------------------------------------------------------------------------------------------------------------


==============================================================================================================================================================================================
Dimensão: (533, 355)
Máximo: 70%
Tempo pré-processamento NFPs: 10.61s
==============================================================================================================================================================================================

----------------------------------------------------------------------------------------------------------------------------------------------------------------------------------------------
RESULTADOS GCG:
GCG: Tempo: 146.73s, Area: 54.29%, Peças: 16/17, Fecho: 77.0%, Box: 92.0%
Peças GCG: [[(174, -155), (-200, -137), (-198, -97), (-56, -62), (171, -74)], [(-191, -53), (-188, -49), (-141, -55), (-119, -65), (-119, -70), (-128, -75), (-191, -78)], [(-188, -44), (-184, -27), (102, -23), (107, -36), (102, -48)], [(105, 3), (101, -19), (-185, -23), (-188, 3)], [(-142, 8), (-135, 48), (8, 50), (65, 32), (62, 8)], [(-192, 12), (-189, 56), (-150, 56), (-142, 53), (-147, 12), (-150, 8)], [(8, 96), (4, 55), (-200, 63), (-200, 84), (-142, 101), (3, 101)], [(-70, 120), (-93, 107), (-189, 105), (-196, 109), (-152, 192), (-137, 191), (-96, 172)], [(-47, 120), (-63, 120), (-66, 123), (-66, 180), (-57, 180), (-27, 153), (-27, 139)], [(10, 106), (-21, 106), (-24, 110), (-22, 171), (-19, 174), (1, 171), (16, 153), (19, 116)], [(54, 55), (30, 49), (22, 51), (13, 96), (14, 103), (38, 112), (48, 110), (55, 64)], [(24, 193), (96, 185), (96, 118), (93, 109), (24, 119)], [(129, 122), (150, 89), (142, -5), (59, 41), (64, 66), (83, 98)], [(112, 128), (101, 137), (101, 175), (120, 194), (140, 194), (144, 191), (145, 173), (143, 130), (140, 127)], [(300, -153), (198, -155), (181, -146), (178, -136), (200, -96), (242, -72), (253, -70), (262, -77)], [(186, -93), (181, 3), (195, 27), (204, 29), (249, 4), (269, -34), (270, -46), (198, -92)]]
----------------------------------------------------------------------------------------------------------------------------------------------------------------------------------------------


==============================================================================================================================================================================================
Dimensão: (499, 332)
Máximo: 80%
Tempo pré-processamento NFPs: 10.61s
==============================================================================================================================================================================================

----------------------------------------------------------------------------------------------------------------------------------------------------------------------------------------------
RESULTADOS GCG:
GCG: Tempo: 137.96s, Area: 57.65%, Peças: 15/17, Fecho: 84.0%, Box: 92.0%
Peças GCG: [[(174, -132), (-200, -114), (-198, -74), (-56, -39), (171, -51)], [(-191, -30), (-188, -26), (-141, -32), (-119, -42), (-119, -47), (-128, -52), (-191, -55)], [(-188, -21), (-184, -4), (102, 0), (107, -13), (102, -25)], [(105, 26), (101, 4), (-185, 0), (-188, 26)], [(-142, 31), (-135, 71), (8, 73), (65, 55), (62, 31)], [(-192, 35), (-189, 79), (-150, 79), (-142, 76), (-147, 35), (-150, 31)], [(8, 119), (4, 78), (-200, 86), (-200, 107), (-142, 124), (3, 124)], [(-65, 163), (-65, 132), (-69, 129), (-130, 131), (-133, 134), (-130, 154), (-112, 169), (-75, 172)], [(-195, 144), (-195, 160), (-192, 163), (-135, 164), (-135, 155), (-162, 124), (-176, 124)], [(-60, 163), (-51, 174), (-13, 174), (6, 155), (6, 135), (3, 131), (-15, 129), (-58, 132), (-61, 135)], [(80, 172), (101, 139), (93, 45), (10, 91), (15, 116), (34, 148)], [(141, 33), (117, 27), (109, 29), (100, 74), (101, 81), (125, 90), (135, 88), (142, 42)], [(193, -132), (180, -110), (178, -14), (182, -7), (265, -51), (264, -66), (245, -106)], [(183, 71), (255, 63), (255, -4), (252, -13), (183, -3)], [(180, 75), (178, 177), (187, 194), (197, 197), (237, 175), (261, 134), (263, 123), (256, 114)]]
----------------------------------------------------------------------------------------------------------------------------------------------------------------------------------------------


||||||||||||||||||||||||||||||||||||||||||||||||||||||||||||||||||||||||||||||||||||||||||||||||||||||||||||||||||||||||||||||||||||||||||||||||||||||||||||||||||||||||||||||||||||||||||||||
Instância: embraer_2338
Data e Hora: 02/02/2025 23:24
Margem: True
{'dimensoes': ['50', '60', '70', '80'], 'algoritmos': {'GCG': 1, 'GRASP': 0, 'GRASP_GCG': 0, 'Random_Key': 0}, 'num_execucoes': 1}
||||||||||||||||||||||||||||||||||||||||||||||||||||||||||||||||||||||||||||||||||||||||||||||||||||||||||||||||||||||||||||||||||||||||||||||||||||||||||||||||||||||||||||||||||||||||||||||


==============================================================================================================================================================================================
Dimensão: (672, 448)
Máximo: 50%
Tempo pré-processamento NFPs: 13.1s
==============================================================================================================================================================================================

----------------------------------------------------------------------------------------------------------------------------------------------------------------------------------------------
RESULTADOS GCG:
GCG: Tempo: 244.87s, Area: 50.03%, Peças: 19/19, Fecho: 68.0%, Box: 75.0%
Peças GCG: [[(174, -248), (-200, -230), (-198, -190), (-56, -155), (171, -167)], [(-128, -147), (-128, -168), (-161, -168), (-161, -152), (-156, -147)], [(-135, -123), (39, -124), (39, -140), (35, -144), (-129, -142)], [(-175, -110), (-171, -113), (-178, -160), (-188, -182), (-193, -182), (-198, -173), (-200, -110)], [(46, -98), (-188, -105), (-192, 16), (-79, 32), (30, -51)], [(-199, 28), (-197, 43), (-192, 49), (-105, 50), (-101, 43), (-103, 36), (-192, 19)], [(-96, 66), (-105, 55), (-193, 62), (-197, 77), (-192, 129), (-179, 133), (-143, 119), (-96, 72)], [(-101, 139), (-108, 132), (-179, 138), (-183, 150), (-179, 176), (-170, 178), (-134, 173), (-101, 149)], [(-63, 54), (-73, 54), (-99, 84), (-102, 123), (-100, 133), (-74, 136), (-62, 133), (-59, 58)], [(-28, 2), (-39, 7), (-62, 33), (-62, 43), (-30, 100), (-24, 100), (3, 76), (2, 31), (-21, 2)], [(2, -24), (8, 61), (27, 87), (41, 87), (49, 77), (57, -19)], [(158, -26), (160, -146), (51, -146), (50, -25)], [(18, 120), (10, 117), (-57, 120), (-66, 186), (-57, 189), (11, 189)], [(71, -21), (62, -18), (62, 153), (82, 149), (83, -16)], [(87, -21), (95, 51), (162, 51), (171, 48), (161, -21)], [(106, 175), (144, 172), (161, 139), (160, 92), (141, 56), (108, 57), (87, 91), (87, 139)], [(197, -248), (180, -69), (185, 39), (204, 131), (250, 143), (262, 128), (271, -247)], [(304, -248), (289, -248), (272, -224), (272, -136), (312, -139), (315, -235)], [(302, -15), (307, -17), (314, -124), (292, -132), (287, -125), (291, -15)]]
----------------------------------------------------------------------------------------------------------------------------------------------------------------------------------------------


==============================================================================================================================================================================================
Dimensão: (613, 409)
Máximo: 60%
Tempo pré-processamento NFPs: 13.1s
==============================================================================================================================================================================================

----------------------------------------------------------------------------------------------------------------------------------------------------------------------------------------------
RESULTADOS GCG:
GCG: Tempo: 220.23s, Area: 60.09%, Peças: 19/19, Fecho: 80.0%, Box: 88.0%
Peças GCG: [[(174, -209), (-200, -191), (-198, -151), (-56, -116), (171, -128)], [(-128, -108), (-128, -129), (-161, -129), (-161, -113), (-156, -108)], [(-135, -84), (39, -85), (39, -101), (35, -105), (-129, -103)], [(-175, -71), (-171, -74), (-178, -121), (-188, -143), (-193, -143), (-198, -134), (-200, -71)], [(46, -59), (-188, -66), (-192, 55), (-79, 71), (30, -12)], [(-199, 67), (-197, 82), (-192, 88), (-105, 89), (-101, 82), (-103, 75), (-192, 58)], [(-96, 105), (-105, 94), (-193, 101), (-197, 116), (-192, 168), (-179, 172), (-143, 158), (-96, 111)], [(-86, 75), (-93, 81), (-87, 152), (-75, 156), (-49, 152), (-47, 143), (-52, 107), (-76, 74)], [(-41, 127), (-31, 127), (-5, 97), (-2, 58), (-4, 48), (-30, 45), (-42, 48), (-45, 124)], [(0, 16), (6, 101), (25, 127), (39, 127), (47, 117), (55, 21)], [(158, 15), (160, -105), (51, -105), (50, 16)], [(-160, 182), (-158, 187), (-51, 194), (-43, 172), (-50, 167), (-160, 171)], [(-43, 163), (-38, 174), (-12, 197), (-2, 197), (55, 165), (55, 159), (31, 132), (-14, 133), (-43, 156)], [(65, 162), (80, 162), (97, 138), (97, 50), (57, 53), (54, 150)], [(174, 18), (102, 26), (102, 93), (105, 102), (174, 93)], [(171, 190), (174, 182), (171, 115), (105, 107), (102, 116), (102, 183)], [(197, -209), (180, -30), (185, 78), (204, 170), (250, 182), (262, 167), (271, -208)], [(327, -209), (289, -206), (272, -173), (272, -126), (292, -90), (325, -91), (346, -125), (346, -173)], [(284, -89), (275, -86), (275, 85), (295, 81), (296, -84)]]
----------------------------------------------------------------------------------------------------------------------------------------------------------------------------------------------


==============================================================================================================================================================================================
Dimensão: (568, 378)
Máximo: 70%
Tempo pré-processamento NFPs: 13.1s
==============================================================================================================================================================================================

----------------------------------------------------------------------------------------------------------------------------------------------------------------------------------------------
RESULTADOS GCG:
GCG: Tempo: 198.94s, Area: 56.2%, Peças: 18/19, Fecho: 76.0%, Box: 83.0%
Peças GCG: [[(174, -178), (-200, -160), (-198, -120), (-56, -85), (171, -97)], [(-128, -77), (-128, -98), (-161, -98), (-161, -82), (-156, -77)], [(-135, -53), (39, -54), (39, -70), (35, -74), (-129, -72)], [(-175, -40), (-171, -43), (-178, -90), (-188, -112), (-193, -112), (-198, -103), (-200, -40)], [(46, -28), (-188, -35), (-192, 86), (-79, 102), (30, 19)], [(-199, 98), (-197, 113), (-192, 119), (-105, 120), (-101, 113), (-103, 106), (-192, 89)], [(-98, 132), (-105, 125), (-176, 131), (-180, 143), (-176, 169), (-167, 171), (-131, 166), (-98, 142)], [(6, 111), (-3, 100), (-91, 107), (-95, 122), (-90, 174), (-77, 178), (-41, 164), (6, 117)], [(76, 67), (71, 56), (45, 33), (35, 32), (-22, 64), (-22, 70), (2, 97), (47, 97), (76, 74)], [(53, -86), (51, 33), (160, 34), (161, -87)], [(78, 37), (84, 122), (103, 148), (117, 148), (125, 138), (133, 42)], [(78, 198), (81, 190), (78, 123), (12, 115), (9, 124), (9, 191)], [(143, 40), (138, 43), (131, 149), (153, 157), (158, 150), (154, 41)], [(167, 192), (167, 182), (137, 156), (98, 153), (88, 155), (85, 181), (88, 193), (164, 196)], [(233, -178), (195, -175), (178, -142), (178, -95), (198, -59), (231, -60), (252, -94), (252, -142)], [(199, 56), (214, 56), (231, 32), (231, -56), (191, -53), (188, 44)], [(251, 57), (179, 65), (179, 132), (182, 141), (251, 132)], [(266, -4), (275, -7), (275, -178), (255, -174), (254, -9)]]
----------------------------------------------------------------------------------------------------------------------------------------------------------------------------------------------


==============================================================================================================================================================================================
Dimensão: (531, 354)
Máximo: 80%
Tempo pré-processamento NFPs: 13.1s
==============================================================================================================================================================================================

----------------------------------------------------------------------------------------------------------------------------------------------------------------------------------------------
RESULTADOS GCG:
GCG: Tempo: 195.03s, Area: 65.65%, Peças: 18/19, Fecho: 92.0%, Box: 97.0%
Peças GCG: [[(-200, -80), (-21, -62), (87, -67), (179, -86), (191, -132), (176, -144), (-199, -154)], [(-174, -44), (-171, -40), (-124, -46), (-102, -56), (-102, -61), (-111, -66), (-174, -69)], [(-179, -72), (-200, -72), (-200, -39), (-184, -39), (-179, -44)], [(-189, -15), (-15, -16), (-15, -32), (-19, -36), (-183, -34)], [(43, -3), (-191, -10), (-195, 111), (-82, 127), (27, 44)], [(-108, 158), (-108, 148), (-138, 122), (-177, 119), (-187, 121), (-190, 147), (-187, 159), (-111, 162)], [(-195, 173), (-193, 188), (-188, 194), (-101, 195), (-97, 188), (-99, 181), (-188, 164)], [(-21, 133), (-28, 126), (-99, 132), (-103, 144), (-99, 170), (-90, 172), (-54, 167), (-21, 143)], [(-37, 106), (-32, 117), (-6, 140), (4, 140), (61, 108), (61, 102), (37, 75), (-8, 76), (-37, 99)], [(49, 47), (169, 49), (169, -60), (48, -61)], [(60, 54), (68, 126), (135, 126), (144, 123), (134, 54)], [(66, 141), (-19, 147), (-45, 166), (-45, 180), (-35, 188), (62, 196)], [(182, 163), (182, 148), (158, 131), (70, 131), (73, 171), (170, 174)], [(297, -143), (288, -154), (200, -147), (196, -132), (201, -80), (214, -76), (250, -90), (297, -137)], [(232, 39), (270, 36), (287, 3), (286, -44), (267, -80), (234, -79), (213, -45), (213, 3)], [(264, 123), (267, 115), (264, 48), (198, 40), (195, 49), (195, 116)], [(285, 155), (290, 153), (297, 46), (275, 38), (270, 45), (274, 155)], [(311, 20), (320, 17), (320, -154), (300, -150), (299, 15)]]
----------------------------------------------------------------------------------------------------------------------------------------------------------------------------------------------


||||||||||||||||||||||||||||||||||||||||||||||||||||||||||||||||||||||||||||||||||||||||||||||||||||||||||||||||||||||||||||||||||||||||||||||||||||||||||||||||||||||||||||||||||||||||||||||
Instância: embraer_610
Data e Hora: 02/02/2025 23:24
Margem: True
{'dimensoes': ['50', '60', '70', '80'], 'algoritmos': {'GCG': 1, 'GRASP': 0, 'GRASP_GCG': 0, 'Random_Key': 0}, 'num_execucoes': 1}
||||||||||||||||||||||||||||||||||||||||||||||||||||||||||||||||||||||||||||||||||||||||||||||||||||||||||||||||||||||||||||||||||||||||||||||||||||||||||||||||||||||||||||||||||||||||||||||


==============================================================================================================================================================================================
Dimensão: (505, 336)
Máximo: 50%
Tempo pré-processamento NFPs: 328.02s
==============================================================================================================================================================================================

----------------------------------------------------------------------------------------------------------------------------------------------------------------------------------------------
RESULTADOS GCG:
GCG: Tempo: 478.57s, Area: 50.24%, Peças: 15/15, Fecho: 93.0%, Box: 98.0%
Peças GCG: [[(-8, -121), (-15, -122), (-16, -136), (-23, -136), (-24, -128), (-111, -126), (-199, -130), (-199, -115), (-191, -115), (-191, -104), (-177, -104), (-177, -110), (-8, -107)], [(-185, -11), (-167, -11), (-167, -16), (-66, -20), (-72, -102), (-90, -103), (-90, -95), (-192, -92), (-192, -75), (-185, -75)], [(-82, -11), (-94, -13), (-113, 10), (-126, 6), (-130, -9), (-166, -6), (-166, 4), (-176, 9), (-199, 8), (-194, 85), (-170, 82), (-160, 96), (-118, 84), (-112, 61), (-88, 54)], [(-200, -70), (-200, -61), (-195, -61), (-191, -66), (-191, -70)], [(-195, 106), (-177, 108), (-174, 127), (-158, 125), (-157, 121), (-133, 120), (-126, 123), (-119, 120), (-120, 103), (-143, 106), (-171, 96), (-175, 90), (-191, 91)], [(-103, 171), (-103, 158), (-108, 157), (-104, 144), (-109, 137), (-125, 136), (-130, 131), (-142, 138), (-175, 132), (-200, 144), (-200, 155), (-194, 155), (-193, 161), (-175, 165), (-175, 188), (-155, 186), (-124, 195), (-117, 192), (-116, 173)], [(-16, 174), (-16, 162), (-22, 162), (-22, 54), (-104, 62), (-104, 74), (-97, 74), (-98, 181), (-86, 181), (-85, 174)], [(-20, -101), (-35, -102), (-35, -87), (-65, -86), (-65, -72), (-50, -73), (-50, -8), (-60, -1), (-50, 4), (-50, 12), (-35, 12), (-36, -3), (-24, 4), (-12, -3), (-12, -17), (-26, -16), (-21, -82), (-11, -84)], [(115, -136), (98, -136), (97, -130), (-6, -126), (-6, -109), (-1, -109), (-4, -47), (13, -46), (13, -55), (122, -58), (122, -76), (115, -76)], [(113, -51), (101, -51), (100, -44), (12, -41), (24, 40), (35, 40), (35, 33), (122, 30), (122, 18), (114, 18)], [(98, 136), (98, 122), (92, 122), (92, 37), (76, 37), (76, 44), (-1, 45), (-1, 59), (7, 60), (9, 113), (37, 132), (38, 144), (49, 144), (49, 137)], [(301, -129), (291, -136), (123, -135), (124, -104), (136, -104), (136, -111), (300, -108)], [(249, -42), (249, -61), (243, -62), (245, -74), (233, -85), (233, -104), (221, -104), (221, -98), (179, -97), (178, -82), (171, -78), (126, -71), (132, -40), (174, -41), (191, -29), (191, -16), (202, -16), (203, -21), (239, -22), (238, -42)], [(214, -11), (202, -11), (201, -4), (133, -3), (133, 8), (138, 9), (135, 66), (147, 66), (147, 58), (210, 55)], [(253, 189), (274, 173), (274, 162), (260, 161), (264, -3), (256, -18), (242, -18), (241, -3), (235, -12), (219, -3), (219, 11), (234, 12), (236, 56), (226, 68), (251, 81), (247, 114), (236, 108), (224, 120), (224, 135), (239, 134), (241, 170), (232, 177)]]
----------------------------------------------------------------------------------------------------------------------------------------------------------------------------------------------


==============================================================================================================================================================================================
Dimensão: (461, 307)
Máximo: 60%
Tempo pré-processamento NFPs: 328.02s
==============================================================================================================================================================================================

----------------------------------------------------------------------------------------------------------------------------------------------------------------------------------------------
RESULTADOS GCG:
GCG: Tempo: 583.71s, Area: 57.89%, Peças: 14/15, Fecho: 92.0%, Box: 97.0%
Peças GCG: [[(-80, -107), (-92, -107), (-92, -100), (-200, -101), (-192, -19), (-180, -19), (-180, -26), (-73, -24), (-73, -36), (-80, -37)], [(-93, -19), (-107, -19), (-107, -13), (-192, -14), (-192, 2), (-185, 2), (-184, 79), (-170, 79), (-169, 71), (-116, 69), (-97, 42), (-85, 41), (-85, 30), (-92, 30)], [(-199, 14), (-190, 14), (-190, 9), (-195, 5), (-199, 5)], [(-83, 76), (-95, 74), (-114, 97), (-127, 93), (-131, 78), (-167, 81), (-167, 91), (-177, 96), (-200, 95), (-195, 172), (-171, 169), (-161, 183), (-119, 171), (-113, 148), (-89, 141)], [(136, -85), (120, -107), (109, -107), (108, -92), (-56, -96), (-71, -89), (-71, -75), (-56, -74), (-65, -68), (-56, -52), (-42, -52), (-41, -67), (3, -68), (15, -58), (28, -83), (61, -79), (55, -68), (67, -56), (82, -56), (81, -71), (117, -73), (124, -64)], [(-55, 34), (-37, 34), (-37, 29), (64, 25), (58, -57), (40, -58), (40, -50), (-62, -47), (-62, -30), (-55, -30)], [(29, 32), (17, 32), (16, 39), (-52, 40), (-52, 51), (-47, 52), (-50, 109), (-38, 109), (-38, 101), (25, 98)], [(91, 127), (97, 117), (97, -51), (65, -50), (65, -38), (72, -38), (70, 126)], [(66, 104), (49, 104), (48, 110), (-55, 114), (-55, 131), (-50, 131), (-53, 193), (-36, 194), (-36, 185), (73, 182), (73, 164), (66, 164)], [(117, -59), (116, -51), (102, -51), (102, -44), (110, -43), (112, 44), (108, 132), (123, 132), (123, 124), (134, 124), (134, 110), (128, 110), (131, -59)], [(238, -107), (226, -107), (225, -100), (137, -97), (149, -16), (160, -16), (160, -23), (247, -26), (247, -38), (239, -38)], [(241, 24), (241, 11), (236, 10), (240, -3), (235, -10), (219, -11), (214, -16), (202, -9), (169, -15), (144, -3), (144, 8), (150, 8), (151, 14), (169, 18), (169, 41), (189, 39), (220, 48), (227, 45), (228, 26)], [(142, 55), (160, 57), (163, 76), (179, 74), (180, 70), (204, 69), (211, 72), (218, 69), (217, 52), (194, 55), (166, 45), (162, 39), (146, 40)], [(202, 77), (183, 77), (182, 83), (170, 81), (159, 93), (140, 93), (140, 105), (146, 105), (146, 147), (161, 148), (166, 155), (173, 200), (204, 194), (203, 152), (215, 135), (228, 135), (228, 124), (223, 123), (222, 87), (202, 88)]]
----------------------------------------------------------------------------------------------------------------------------------------------------------------------------------------------


==============================================================================================================================================================================================
Dimensão: (426, 284)
Máximo: 70%
Tempo pré-processamento NFPs: 328.02s
==============================================================================================================================================================================================

----------------------------------------------------------------------------------------------------------------------------------------------------------------------------------------------
RESULTADOS GCG:
GCG: Tempo: 525.51s, Area: 60.19%, Peças: 12/15, Fecho: 91.0%, Box: 97.0%
Peças GCG: [[(-80, -84), (-92, -84), (-92, -77), (-200, -78), (-192, 4), (-180, 4), (-180, -3), (-73, -1), (-73, -13), (-80, -14)], [(-93, 3), (-107, 3), (-107, 9), (-192, 8), (-192, 24), (-185, 24), (-184, 101), (-170, 101), (-169, 93), (-116, 91), (-97, 64), (-85, 63), (-85, 52), (-92, 52)], [(-199, 37), (-190, 37), (-190, 32), (-195, 28), (-199, 28)], [(-165, 97), (-165, 109), (-159, 110), (-155, 198), (-74, 186), (-74, 175), (-81, 175), (-85, 88), (-97, 88), (-97, 96)], [(-184, 185), (-183, 167), (-164, 164), (-166, 148), (-170, 147), (-171, 123), (-168, 116), (-171, 109), (-188, 110), (-185, 133), (-195, 161), (-201, 165), (-200, 181)], [(47, -84), (29, -84), (29, -78), (-72, -75), (-66, 7), (-48, 8), (-48, 0), (54, -2), (54, -19), (47, -19)], [(53, 5), (41, 3), (22, 26), (9, 22), (5, 7), (-31, 10), (-31, 20), (-41, 25), (-64, 24), (-59, 101), (-35, 98), (-25, 112), (17, 100), (23, 77), (47, 70)], [(-56, 184), (-44, 184), (-43, 177), (25, 176), (25, 165), (20, 164), (22, 107), (10, 107), (10, 115), (-52, 118)], [(176, -84), (159, -84), (158, -78), (55, -74), (55, -57), (60, -57), (57, 5), (74, 6), (74, -3), (183, -6), (183, -24), (176, -24)], [(157, 44), (157, 31), (152, 30), (156, 17), (151, 10), (135, 9), (130, 4), (118, 11), (85, 5), (60, 17), (60, 28), (66, 28), (67, 34), (85, 38), (85, 61), (105, 59), (136, 68), (143, 65), (144, 46)], [(122, 70), (103, 70), (102, 76), (90, 74), (79, 86), (60, 86), (60, 98), (66, 98), (66, 140), (81, 141), (86, 148), (93, 193), (124, 187), (123, 145), (135, 128), (148, 128), (148, 117), (143, 116), (142, 80), (122, 81)], [(211, 94), (217, 84), (217, -84), (185, -83), (185, -71), (192, -71), (190, 93)]]
----------------------------------------------------------------------------------------------------------------------------------------------------------------------------------------------


==============================================================================================================================================================================================
Dimensão: (399, 266)
Máximo: 80%
Tempo pré-processamento NFPs: 328.02s
==============================================================================================================================================================================================

----------------------------------------------------------------------------------------------------------------------------------------------------------------------------------------------
RESULTADOS GCG:
GCG: Tempo: 408.02s, Area: 58.26%, Peças: 12/15, Fecho: 88.0%, Box: 100.0%
Peças GCG: [[(7, -44), (-9, -66), (-20, -66), (-21, -51), (-185, -55), (-200, -48), (-200, -34), (-185, -33), (-194, -27), (-185, -11), (-171, -11), (-170, -26), (-126, -27), (-114, -17), (-101, -42), (-68, -38), (-74, -27), (-62, -15), (-47, -15), (-48, -30), (-12, -32), (-5, -23)], [(-190, 71), (-173, 71), (-172, 66), (-69, 61), (-69, 44), (-74, 44), (-71, -18), (-88, -19), (-88, -10), (-197, -6), (-197, 12), (-190, 12)], [(-71, 69), (-83, 67), (-102, 90), (-115, 86), (-119, 71), (-155, 74), (-155, 84), (-165, 89), (-188, 88), (-183, 165), (-159, 162), (-149, 176), (-107, 164), (-101, 141), (-77, 134)], [(-58, -11), (-64, -1), (-64, 167), (-32, 166), (-33, 154), (-40, 154), (-37, -10)], [(-17, -17), (-18, -9), (-32, -9), (-32, -2), (-24, -1), (-22, 86), (-26, 174), (-11, 174), (-11, 166), (0, 166), (0, 152), (-6, 152), (-3, -17)], [(-105, 178), (-87, 180), (-84, 199), (-68, 197), (-67, 193), (-43, 192), (-36, 195), (-29, 192), (-30, 175), (-53, 178), (-81, 168), (-85, 162), (-101, 163)], [(-200, 76), (-200, 85), (-195, 85), (-191, 80), (-191, 76)], [(127, -66), (109, -66), (109, -60), (8, -57), (14, 25), (32, 26), (32, 18), (134, 16), (134, -1), (127, -1)], [(115, 21), (103, 21), (102, 28), (14, 31), (26, 112), (37, 112), (37, 105), (124, 102), (124, 90), (116, 90)], [(118, 109), (106, 109), (105, 116), (37, 117), (37, 128), (42, 129), (39, 186), (51, 186), (51, 178), (114, 175)], [(175, -66), (162, -66), (161, -60), (148, -64), (141, -59), (140, -44), (135, -39), (142, -27), (136, 6), (148, 31), (159, 31), (159, 25), (165, 24), (169, 6), (192, 6), (190, -14), (199, -44), (196, -51), (177, -52)], [(166, 36), (151, 35), (151, 50), (121, 51), (121, 65), (136, 64), (136, 129), (126, 136), (136, 141), (136, 149), (151, 149), (150, 134), (162, 141), (174, 134), (174, 120), (160, 121), (165, 55), (175, 53)]]
----------------------------------------------------------------------------------------------------------------------------------------------------------------------------------------------


||||||||||||||||||||||||||||||||||||||||||||||||||||||||||||||||||||||||||||||||||||||||||||||||||||||||||||||||||||||||||||||||||||||||||||||||||||||||||||||||||||||||||||||||||||||||||||||
Instância: embraer_55
Data e Hora: 02/02/2025 23:24
Margem: True
{'dimensoes': ['50', '60', '70', '80'], 'algoritmos': {'GCG': 1, 'GRASP': 0, 'GRASP_GCG': 0, 'Random_Key': 0}, 'num_execucoes': 1}
||||||||||||||||||||||||||||||||||||||||||||||||||||||||||||||||||||||||||||||||||||||||||||||||||||||||||||||||||||||||||||||||||||||||||||||||||||||||||||||||||||||||||||||||||||||||||||||


==============================================================================================================================================================================================
Dimensão: (522, 348)
Máximo: 50%
Tempo pré-processamento NFPs: 263.84s
==============================================================================================================================================================================================

----------------------------------------------------------------------------------------------------------------------------------------------------------------------------------------------
RESULTADOS GCG:
GCG: Tempo: 619.45s, Area: 37.78%, Peças: 18/19, Fecho: 62.0%, Box: 71.0%
Peças GCG: [[(175, -74), (167, -148), (-200, -122), (-192, -87), (2, -58)], [(-193, -72), (-192, -67), (-184, -65), (-184, -51), (-176, -51), (-176, -57), (-119, -58), (-100, -54), (-94, -59), (-95, -67), (-138, -64), (-181, -74)], [(-6, -51), (-15, -55), (-24, -51), (-177, -46), (-177, -35), (-6, -40)], [(-198, -19), (-24, -23), (-24, -31), (-33, -34), (-89, -29), (-198, -30)], [(-153, 2), (-146, 4), (-146, 8), (-136, 8), (-136, 2), (-103, 1), (-103, -10), (-111, -17), (-120, -16), (-121, -9), (-142, -9), (-143, -11), (-153, -9)], [(-197, -6), (-197, 5), (-191, 6), (-187, 30), (-148, 24), (-149, 12), (-158, 12), (-161, -16), (-172, -16), (-172, -9)], [(-134, 33), (-146, 29), (-170, 40), (-199, 38), (-200, 49), (-193, 53), (-191, 59), (-180, 58), (-180, 52), (-131, 46)], [(-127, 60), (-140, 52), (-195, 70), (-192, 106), (-179, 105), (-178, 98), (-151, 95), (-127, 64)], [(-200, 128), (-195, 128), (-193, 146), (-188, 149), (-155, 148), (-139, 132), (-137, 118), (-155, 110), (-192, 111), (-195, 119), (-200, 120)], [(-74, 69), (-86, 69), (-87, 77), (-136, 84), (-135, 96), (-132, 96), (-131, 153), (-119, 153), (-118, 144), (-67, 140), (-68, 129), (-73, 129)], [(76, 31), (69, 8), (60, 8), (60, 15), (-132, 11), (-126, 45), (-90, 44), (-76, 51), (15, 51)], [(-32, 59), (-61, 56), (-69, 62), (-68, 98), (-66, 98), (-63, 113), (-59, 116), (-58, 121), (-48, 120), (-48, 116), (-42, 113), (-42, 110), (-31, 100), (-30, 63)], [(-195, 183), (-184, 185), (-183, 177), (-143, 183), (-141, 168), (-144, 155), (-155, 153), (-155, 159), (-194, 153), (-195, 165), (-192, 165), (-192, 170), (-196, 173)], [(-33, 150), (-110, 158), (-125, 174), (-137, 176), (-137, 186), (-126, 195), (-108, 189), (-41, 191), (-40, 197), (-35, 197), (-30, 187), (-30, 176), (-34, 176)], [(6, 72), (-5, 71), (-5, 83), (-26, 100), (-30, 146), (-16, 147), (-16, 140), (4, 142), (5, 127), (-4, 127), (-5, 92)], [(110, -61), (71, -59), (71, -50), (78, -50), (83, 142), (102, 135), (117, 82)], [(67, 88), (55, 88), (55, 94), (1, 90), (1, 102), (9, 117), (9, 159), (28, 155), (74, 160), (74, 148), (67, 148)], [(128, 103), (138, 103), (150, 77), (158, 76), (150, -9), (133, -10), (133, 0), (118, 1), (119, 17), (125, 17), (125, 84), (119, 92)]]
----------------------------------------------------------------------------------------------------------------------------------------------------------------------------------------------


==============================================================================================================================================================================================
Dimensão: (477, 318)
Máximo: 60%
Tempo pré-processamento NFPs: 263.84s
==============================================================================================================================================================================================

----------------------------------------------------------------------------------------------------------------------------------------------------------------------------------------------
RESULTADOS GCG:
GCG: Tempo: 607.61s, Area: 45.24%, Peças: 18/19, Fecho: 67.0%, Box: 78.0%
Peças GCG: [[(175, -44), (167, -118), (-200, -92), (-192, -57), (2, -28)], [(-193, -42), (-192, -37), (-184, -35), (-184, -21), (-176, -21), (-176, -27), (-119, -28), (-100, -24), (-94, -29), (-95, -37), (-138, -34), (-181, -44)], [(-6, -21), (-15, -25), (-24, -21), (-177, -16), (-177, -5), (-6, -10)], [(-198, 10), (-24, 6), (-24, -2), (-33, -5), (-89, 0), (-198, -1)], [(-153, 32), (-146, 34), (-146, 38), (-136, 38), (-136, 32), (-103, 31), (-103, 20), (-111, 13), (-120, 14), (-121, 21), (-142, 21), (-143, 19), (-153, 21)], [(-197, 24), (-197, 35), (-191, 36), (-187, 60), (-148, 54), (-149, 42), (-158, 42), (-161, 14), (-172, 14), (-172, 21)], [(-134, 63), (-146, 59), (-170, 70), (-199, 68), (-200, 79), (-193, 83), (-191, 89), (-180, 88), (-180, 82), (-131, 76)], [(-127, 90), (-140, 82), (-195, 100), (-192, 136), (-179, 135), (-178, 128), (-151, 125), (-127, 94)], [(-127, 38), (-119, 115), (-103, 130), (-101, 142), (-91, 142), (-82, 131), (-88, 113), (-86, 47), (-80, 46), (-80, 41), (-90, 35), (-101, 35), (-101, 40)], [(-17, 11), (-29, 11), (-29, 17), (-83, 13), (-83, 25), (-75, 40), (-75, 82), (-56, 78), (-10, 83), (-10, 71), (-17, 71)], [(-138, 175), (-135, 146), (-141, 138), (-177, 140), (-177, 142), (-192, 144), (-195, 148), (-200, 149), (-199, 159), (-195, 159), (-192, 165), (-189, 165), (-179, 176), (-142, 177)], [(-84, 168), (-73, 169), (-73, 157), (-52, 139), (-48, 93), (-62, 92), (-62, 99), (-82, 97), (-83, 113), (-74, 113), (-73, 148)], [(14, 183), (37, 176), (37, 167), (30, 167), (33, -25), (-1, -19), (0, 17), (-7, 31), (-6, 122)], [(77, -27), (38, -25), (38, -16), (45, -16), (50, 176), (69, 169), (84, 116)], [(90, 48), (102, 48), (103, 41), (152, 33), (151, 21), (148, 21), (147, -36), (135, -36), (134, -27), (83, -22), (84, -11), (89, -11)], [(-34, 195), (-34, 190), (-16, 188), (-13, 183), (-14, 150), (-30, 134), (-44, 132), (-52, 150), (-51, 187), (-43, 190), (-42, 195)], [(-57, 169), (-68, 167), (-69, 175), (-109, 169), (-111, 183), (-108, 196), (-97, 198), (-97, 193), (-58, 199), (-57, 187), (-60, 187), (-60, 182), (-56, 179)], [(97, 166), (107, 166), (119, 140), (127, 139), (119, 54), (102, 53), (102, 63), (87, 64), (88, 80), (94, 80), (94, 147), (88, 155)]]
----------------------------------------------------------------------------------------------------------------------------------------------------------------------------------------------


==============================================================================================================================================================================================
Dimensão: (441, 294)
Máximo: 70%
Tempo pré-processamento NFPs: 263.84s
==============================================================================================================================================================================================

----------------------------------------------------------------------------------------------------------------------------------------------------------------------------------------------
RESULTADOS GCG:
GCG: Tempo: 580.67s, Area: 51.65%, Peças: 18/19, Fecho: 80.0%, Box: 87.0%
Peças GCG: [[(-200, -94), (-185, -79), (-187, -25), (43, -16), (183, -52), (176, -94), (161, -79)], [(-65, -8), (-72, -10), (-72, -15), (-82, -15), (-82, -8), (-115, -8), (-115, 3), (-107, 10), (-98, 10), (-97, 3), (-76, 3), (-75, 5), (-65, 3)], [(-181, -17), (-184, 11), (-178, 19), (-142, 18), (-142, 16), (-127, 14), (-124, 10), (-119, 9), (-120, -1), (-124, -1), (-127, -7), (-130, -7), (-140, -18), (-177, -19)], [(-130, 26), (-142, 22), (-166, 33), (-195, 31), (-196, 42), (-189, 46), (-187, 52), (-176, 51), (-176, 45), (-127, 39)], [(-123, 53), (-136, 45), (-191, 63), (-188, 99), (-175, 98), (-174, 91), (-147, 88), (-123, 57)], [(-196, 121), (-191, 121), (-189, 139), (-184, 142), (-151, 141), (-135, 125), (-133, 111), (-151, 103), (-188, 104), (-191, 112), (-196, 113)], [(-70, 62), (-82, 62), (-83, 70), (-132, 77), (-131, 89), (-128, 89), (-127, 146), (-115, 146), (-114, 137), (-63, 133), (-64, 122), (-69, 122)], [(74, 46), (72, 6), (63, 6), (63, 13), (-129, 18), (-122, 37), (-69, 52)], [(-59, 129), (-47, 129), (-47, 123), (7, 126), (7, 114), (-1, 99), (-1, 57), (-20, 61), (-66, 57), (-66, 69), (-59, 69)], [(-195, 192), (-118, 184), (-103, 168), (-91, 166), (-91, 156), (-103, 147), (-121, 153), (-187, 151), (-188, 145), (-193, 145), (-198, 155), (-198, 166), (-194, 166)], [(-38, 172), (-38, 161), (-44, 160), (-48, 136), (-87, 142), (-87, 154), (-78, 154), (-75, 182), (-63, 182), (-63, 175)], [(3, 144), (14, 145), (14, 133), (35, 115), (39, 69), (25, 68), (25, 75), (5, 73), (4, 89), (13, 89), (14, 124)], [(-37, 145), (-39, 156), (-31, 157), (-37, 197), (-22, 199), (-9, 196), (-7, 185), (-13, 185), (-7, 146), (-19, 145), (-19, 148), (-24, 148), (-27, 144)], [(111, -13), (102, -17), (93, -13), (-60, -8), (-60, 3), (111, -2)], [(71, 70), (61, 71), (49, 96), (41, 97), (49, 182), (66, 183), (66, 173), (81, 172), (80, 156), (74, 156), (74, 90), (80, 82)], [(133, -35), (110, -28), (110, -19), (117, -19), (114, 173), (148, 167), (146, 131), (153, 117), (153, 26)], [(84, 3), (88, 177), (96, 177), (99, 168), (94, 112), (95, 3)], [(175, -45), (170, -44), (168, -36), (154, -36), (154, -28), (160, -28), (162, 29), (158, 48), (163, 54), (171, 53), (168, 10), (178, -33)]]
----------------------------------------------------------------------------------------------------------------------------------------------------------------------------------------------


==============================================================================================================================================================================================
Dimensão: (413, 275)
Máximo: 80%
Tempo pré-processamento NFPs: 263.84s
==============================================================================================================================================================================================

----------------------------------------------------------------------------------------------------------------------------------------------------------------------------------------------
RESULTADOS GCG:
GCG: Tempo: 523.62s, Area: 58.94%, Peças: 18/19, Fecho: 92.0%, Box: 98.0%
Peças GCG: [[(-200, -75), (-185, -60), (-187, -6), (43, 3), (183, -33), (176, -75), (161, -60)], [(-65, 10), (-72, 8), (-72, 3), (-82, 3), (-82, 10), (-115, 10), (-115, 21), (-107, 28), (-98, 28), (-97, 21), (-76, 21), (-75, 23), (-65, 21)], [(-181, 2), (-184, 30), (-178, 38), (-142, 37), (-142, 35), (-127, 33), (-124, 29), (-119, 28), (-120, 18), (-124, 18), (-127, 12), (-130, 12), (-140, 1), (-177, 0)], [(-130, 45), (-142, 41), (-166, 52), (-195, 50), (-196, 61), (-189, 65), (-187, 71), (-176, 70), (-176, 64), (-127, 58)], [(-123, 72), (-136, 64), (-191, 82), (-188, 118), (-175, 117), (-174, 110), (-147, 107), (-123, 76)], [(-196, 140), (-191, 140), (-189, 158), (-184, 161), (-151, 160), (-135, 144), (-133, 130), (-151, 122), (-188, 123), (-191, 131), (-196, 132)], [(-70, 81), (-82, 81), (-83, 89), (-132, 96), (-131, 108), (-128, 108), (-127, 165), (-115, 165), (-114, 156), (-63, 152), (-64, 141), (-69, 141)], [(83, 56), (76, 33), (67, 33), (67, 40), (-125, 36), (-119, 70), (-83, 69), (-69, 76), (22, 76)], [(-62, 128), (15, 120), (30, 104), (42, 102), (42, 92), (30, 83), (12, 89), (-54, 87), (-55, 81), (-60, 81), (-65, 91), (-65, 102), (-61, 102)], [(-192, 195), (-181, 197), (-180, 189), (-140, 195), (-138, 180), (-141, 167), (-152, 165), (-152, 171), (-191, 165), (-192, 177), (-189, 177), (-189, 182), (-193, 185)], [(-76, 197), (-65, 197), (-64, 191), (-40, 187), (-46, 148), (-58, 148), (-58, 157), (-86, 161), (-86, 172), (-79, 172)], [(111, 16), (102, 12), (93, 16), (-60, 21), (-60, 32), (111, 27)], [(-39, 131), (-39, 143), (-33, 143), (-36, 197), (-24, 197), (-9, 189), (33, 189), (29, 170), (33, 124), (21, 124), (21, 131)], [(55, 182), (65, 182), (77, 156), (85, 155), (77, 70), (60, 69), (60, 79), (45, 80), (46, 96), (52, 96), (52, 163), (46, 171)], [(122, 33), (111, 32), (111, 44), (90, 61), (86, 107), (100, 108), (100, 101), (120, 103), (121, 88), (112, 88), (111, 53)], [(158, -13), (119, -11), (119, -2), (126, -2), (131, 190), (150, 183), (165, 130)], [(166, -25), (170, 149), (178, 149), (181, 140), (176, 84), (177, -25)], [(208, -75), (203, -74), (201, -66), (187, -66), (187, -58), (193, -58), (195, -1), (191, 18), (196, 24), (204, 23), (201, -20), (211, -63)]]
----------------------------------------------------------------------------------------------------------------------------------------------------------------------------------------------

