==============================================================================================================================================================================================
RESULTADOS GERAIS: 02/02/2025 22:45
==============================================================================================================================================================================================


||||||||||||||||||||||||||||||||||||||||||||||||||||||||||||||||||||||||||||||||||||||||||||||||||||||||||||||||||||||||||||||||||||||||||||||||||||||||||||||||||||||||||||||||||||||||||||||
Instância: embraer_3274
Data e Hora: 02/02/2025 22:45
Margem: True
{'dimensoes': ['50', '60', '70', '80'], 'algoritmos': {'GCG': 1, 'GRASP': 0, 'GRASP_GCG': 0, 'Random_Key': 0}, 'num_execucoes': 1}
||||||||||||||||||||||||||||||||||||||||||||||||||||||||||||||||||||||||||||||||||||||||||||||||||||||||||||||||||||||||||||||||||||||||||||||||||||||||||||||||||||||||||||||||||||||||||||||


==============================================================================================================================================================================================
Dimensão: (546, 364)
Máximo: 50%
Tempo pré-processamento NFPs: 9.57s
==============================================================================================================================================================================================

----------------------------------------------------------------------------------------------------------------------------------------------------------------------------------------------
RESULTADOS GCG:
GCG: Tempo: 134.36s, Area: 49.92%, Peças: 16/16, Fecho: 73.0%, Box: 83.0%
Peças GCG: [[(-162, -164), (-199, -105), (-142, 172), (-73, 170), (-56, -45), (-120, -144)], [(-172, 83), (-168, 80), (-175, 33), (-185, 11), (-190, 11), (-195, 20), (-197, 83)], [(-191, 89), (-198, 95), (-192, 166), (-180, 170), (-154, 166), (-152, 157), (-157, 121), (-181, 88)], [(72, -143), (39, -164), (-55, -156), (-10, -73), (16, -78), (48, -97)], [(48, 29), (61, 6), (63, -90), (59, -97), (-24, -52), (-23, -37), (-4, 3)], [(-43, -11), (-45, 91), (-36, 108), (-26, 111), (14, 89), (38, 48), (40, 37), (33, 28)], [(-10, 115), (-41, 115), (-44, 119), (-42, 180), (-39, 183), (-19, 180), (-4, 162), (-1, 125)], [(133, -164), (81, -161), (72, -128), (73, -84), (121, -82), (135, -128)], [(73, -79), (79, 6), (98, 32), (112, 32), (120, 22), (128, -74)], [(84, 37), (73, 46), (73, 84), (92, 103), (112, 103), (116, 100), (117, 82), (115, 39), (112, 36)], [(115, 114), (91, 108), (83, 110), (74, 155), (75, 162), (99, 171), (109, 169), (116, 123)], [(163, -164), (141, -160), (137, 126), (163, 129)], [(185, -164), (168, -160), (165, 126), (178, 131), (189, 126)], [(194, -164), (189, -68), (203, -44), (212, -42), (257, -67), (277, -105), (278, -117), (206, -163)], [(234, -38), (190, -35), (190, 4), (193, 12), (234, 8), (238, 5)], [(203, 96), (213, 96), (239, 66), (242, 27), (240, 17), (214, 14), (202, 17), (199, 93)]]
----------------------------------------------------------------------------------------------------------------------------------------------------------------------------------------------


==============================================================================================================================================================================================
Dimensão: (498, 332)
Máximo: 60%
Tempo pré-processamento NFPs: 9.57s
==============================================================================================================================================================================================

----------------------------------------------------------------------------------------------------------------------------------------------------------------------------------------------
RESULTADOS GCG:
GCG: Tempo: 100.34s, Area: 40.53%, Peças: 15/16, Fecho: 56.99999999999999%, Box: 63.0%
Peças GCG: [[(-195, -132), (-200, -36), (-186, -12), (-177, -10), (-132, -35), (-112, -73), (-111, -85), (-183, -131)], [(-112, 91), (-110, -11), (-119, -28), (-129, -31), (-169, -8), (-193, 33), (-195, 44), (-188, 53)], [(-196, 82), (-193, 134), (-160, 143), (-116, 143), (-114, 95), (-160, 80)], [(-183, 182), (-174, 193), (-136, 193), (-117, 174), (-117, 154), (-120, 150), (-138, 148), (-181, 151), (-184, 154)], [(17, -111), (-16, -132), (-110, -124), (-65, -41), (-39, -46), (-7, -65)], [(-6, 61), (7, 38), (9, -58), (5, -65), (-78, -20), (-77, -5), (-58, 35)], [(-85, -19), (-81, -22), (-88, -69), (-98, -91), (-103, -91), (-108, -82), (-110, -19)], [(-101, -3), (-108, 3), (-102, 74), (-90, 78), (-64, 74), (-62, 65), (-67, 29), (-91, -4)], [(8, 74), (-77, 80), (-103, 99), (-103, 113), (-93, 121), (4, 129)], [(-73, 135), (-73, 145), (-43, 171), (-4, 174), (6, 172), (9, 146), (5, 134), (-70, 131)], [(45, -132), (23, -128), (19, 158), (45, 161)], [(66, -132), (49, -128), (46, 158), (59, 163), (70, 158)], [(120, -88), (117, -132), (78, -132), (70, -129), (74, -88), (77, -84)], [(108, -79), (77, -79), (74, -75), (76, -14), (79, -11), (99, -14), (114, -32), (117, -69)], [(114, -1), (90, -7), (82, -5), (73, 40), (74, 47), (98, 56), (108, 54), (115, 8)]]
----------------------------------------------------------------------------------------------------------------------------------------------------------------------------------------------


==============================================================================================================================================================================================
Dimensão: (461, 307)
Máximo: 70%
Tempo pré-processamento NFPs: 9.57s
==============================================================================================================================================================================================

----------------------------------------------------------------------------------------------------------------------------------------------------------------------------------------------
RESULTADOS GCG:
GCG: Tempo: 96.03s, Area: 47.3%, Peças: 15/16, Fecho: 70.0%, Box: 80.0%
Peças GCG: [[(-72, -86), (-105, -107), (-199, -99), (-154, -16), (-128, -21), (-96, -40)], [(-95, 86), (-82, 63), (-80, -33), (-84, -40), (-167, 5), (-166, 20), (-147, 60)], [(-175, 5), (-171, 2), (-178, -45), (-188, -67), (-193, -67), (-198, -58), (-200, 5)], [(-188, 45), (-190, 147), (-181, 164), (-171, 167), (-131, 145), (-107, 104), (-105, 93), (-112, 84)], [(-6, -95), (-15, -107), (-53, -106), (-72, -88), (-72, -68), (-69, -64), (-51, -62), (-8, -64), (-5, -67)], [(-8, -59), (-60, -56), (-69, -23), (-68, 21), (-20, 23), (-6, -23)], [(-68, 25), (-62, 110), (-43, 136), (-29, 136), (-21, 126), (-13, 30)], [(-14, 185), (-17, 141), (-56, 141), (-64, 144), (-60, 185), (-57, 189)], [(23, -107), (1, -103), (-3, 183), (23, 186)], [(45, -107), (28, -103), (25, 183), (38, 188), (49, 183)], [(54, -107), (49, -11), (63, 13), (72, 15), (117, -10), (137, -48), (138, -60), (66, -106)], [(87, 20), (56, 20), (53, 24), (55, 85), (58, 88), (78, 85), (93, 67), (96, 30)], [(53, 148), (77, 154), (85, 152), (93, 107), (92, 100), (69, 91), (59, 93), (52, 139)], [(145, -106), (138, -100), (144, -29), (156, -25), (182, -29), (184, -38), (179, -74), (155, -107)], [(145, 61), (155, 61), (181, 31), (184, -8), (182, -18), (156, -21), (144, -18), (141, 58)]]
----------------------------------------------------------------------------------------------------------------------------------------------------------------------------------------------


==============================================================================================================================================================================================
Dimensão: (431, 287)
Máximo: 80%
Tempo pré-processamento NFPs: 9.57s
==============================================================================================================================================================================================

----------------------------------------------------------------------------------------------------------------------------------------------------------------------------------------------
RESULTADOS GCG:
GCG: Tempo: 78.63s, Area: 43.74%, Peças: 13/16, Fecho: 70.0%, Box: 78.0%
Peças GCG: [[(-72, -66), (-105, -87), (-199, -79), (-154, 4), (-128, -1), (-96, -20)], [(-95, 106), (-82, 83), (-80, -13), (-84, -20), (-167, 25), (-166, 40), (-147, 80)], [(-175, 25), (-171, 22), (-178, -25), (-188, -47), (-193, -47), (-198, -38), (-200, 25)], [(-188, 65), (-190, 167), (-181, 184), (-171, 187), (-131, 165), (-107, 124), (-105, 113), (-112, 104)], [(39, -87), (-46, -81), (-72, -62), (-72, -48), (-62, -40), (35, -32)], [(-42, -27), (-42, -17), (-12, 9), (27, 12), (37, 10), (40, -16), (36, -28), (-39, -31)], [(-63, -10), (-68, 86), (-54, 110), (-45, 112), (0, 87), (20, 49), (21, 37), (-51, -9)], [(-30, 116), (-61, 116), (-64, 120), (-62, 181), (-59, 184), (-39, 181), (-24, 163), (-21, 126)], [(106, -75), (97, -87), (59, -86), (40, -68), (40, -48), (43, -44), (61, -42), (104, -44), (107, -47)], [(104, -39), (52, -36), (43, -3), (44, 41), (92, 43), (106, -3)], [(95, 91), (92, 47), (53, 47), (45, 50), (49, 91), (52, 95)], [(85, 180), (92, 173), (86, 102), (74, 98), (48, 102), (46, 111), (51, 148), (75, 180)], [(150, -81), (126, -87), (118, -85), (109, -40), (110, -33), (134, -24), (144, -26), (151, -72)]]
----------------------------------------------------------------------------------------------------------------------------------------------------------------------------------------------


||||||||||||||||||||||||||||||||||||||||||||||||||||||||||||||||||||||||||||||||||||||||||||||||||||||||||||||||||||||||||||||||||||||||||||||||||||||||||||||||||||||||||||||||||||||||||||||
Instância: embraer_3153
Data e Hora: 02/02/2025 22:45
Margem: True
{'dimensoes': ['50', '60', '70', '80'], 'algoritmos': {'GCG': 1, 'GRASP': 0, 'GRASP_GCG': 0, 'Random_Key': 0}, 'num_execucoes': 1}
||||||||||||||||||||||||||||||||||||||||||||||||||||||||||||||||||||||||||||||||||||||||||||||||||||||||||||||||||||||||||||||||||||||||||||||||||||||||||||||||||||||||||||||||||||||||||||||


==============================================================================================================================================================================================
Dimensão: (553, 369)
Máximo: 50%
Tempo pré-processamento NFPs: 9.74s
==============================================================================================================================================================================================

