==============================================================================================================================================================================================
RESULTADOS GERAIS: 04/02/2025 23:38
==============================================================================================================================================================================================


||||||||||||||||||||||||||||||||||||||||||||||||||||||||||||||||||||||||||||||||||||||||||||||||||||||||||||||||||||||||||||||||||||||||||||||||||||||||||||||||||||||||||||||||||||||||||||||
Instância: embraer_3086
Data e Hora: 04/02/2025 23:38
Margem: True
{'dimensoes': ['70', '80'], 'algoritmos': {'GCG': 1, 'GRASP': 0, 'GRASP_GCG': 0, 'Random_Key': 0}, 'num_execucoes': 1}
||||||||||||||||||||||||||||||||||||||||||||||||||||||||||||||||||||||||||||||||||||||||||||||||||||||||||||||||||||||||||||||||||||||||||||||||||||||||||||||||||||||||||||||||||||||||||||||


==============================================================================================================================================================================================
Dimensão: (533, 355)
Máximo: 70%
Tempo pré-processamento NFPs: 9.76s
==============================================================================================================================================================================================

----------------------------------------------------------------------------------------------------------------------------------------------------------------------------------------------
RESULTADOS GCG:
GCG: Tempo: 254.87s, Area: 66.48%, Peças: 16/17, Fecho: 89.0%, Box: 94.0%
Peças GCG: [[(191, -136), (12, -153), (-96, -148), (-188, -129), (-200, -83), (-185, -71), (190, -61)], [(-102, -56), (-98, -34), (188, -29), (191, -56)], [(-107, -60), (-110, -64), (-157, -57), (-179, -47), (-179, -42), (-170, -37), (-107, -35)], [(-186, 66), (188, 47), (186, 7), (44, -27), (-183, -15)], [(-185, 71), (-181, 88), (105, 92), (110, 79), (105, 67)], [(-188, 100), (-184, 141), (20, 134), (20, 113), (-38, 95), (-183, 95)], [(-184, 146), (-177, 186), (-34, 188), (23, 170), (20, 146)], [(25, 130), (34, 141), (72, 141), (91, 122), (91, 102), (88, 98), (70, 96), (27, 99), (24, 102)], [(85, 165), (85, 149), (82, 146), (25, 146), (25, 155), (52, 185), (66, 185)], [(168, 183), (181, 160), (183, 64), (179, 57), (96, 102), (97, 117), (116, 157)], [(319, -134), (286, -155), (192, -147), (237, -64), (263, -69), (295, -88)], [(196, -79), (194, 23), (203, 40), (213, 43), (253, 21), (277, -20), (279, -31), (272, -40)], [(229, 47), (198, 47), (195, 51), (197, 112), (200, 115), (220, 112), (235, 94), (238, 57)], [(194, 176), (218, 182), (226, 180), (234, 135), (233, 128), (210, 119), (200, 121), (193, 167)], [(239, 170), (311, 162), (311, 95), (308, 86), (239, 96)], [(287, 29), (243, 32), (243, 71), (246, 79), (287, 75), (291, 72)]]
----------------------------------------------------------------------------------------------------------------------------------------------------------------------------------------------


==============================================================================================================================================================================================
Dimensão: (499, 332)
Máximo: 80%
Tempo pré-processamento NFPs: 9.76s
==============================================================================================================================================================================================

----------------------------------------------------------------------------------------------------------------------------------------------------------------------------------------------
RESULTADOS GCG:
GCG: Tempo: 244.23s, Area: 65.82%, Peças: 11/17, Fecho: 87.0%, Box: 96.0%
Peças GCG: [[(191, -113), (12, -130), (-96, -125), (-188, -106), (-200, -60), (-185, -48), (190, -38)], [(-102, -33), (-98, -11), (188, -6), (191, -33)], [(-107, -37), (-110, -41), (-157, -34), (-179, -24), (-179, -19), (-170, -14), (-107, -12)], [(-186, 89), (188, 70), (186, 30), (44, -4), (-183, 8)], [(-185, 94), (-181, 111), (105, 115), (110, 102), (105, 90)], [(-188, 123), (-184, 164), (20, 157), (20, 136), (-38, 118), (-183, 118)], [(79, 138), (79, 122), (76, 119), (19, 119), (19, 128), (46, 158), (60, 158)], [(179, 198), (184, 102), (170, 78), (161, 76), (116, 102), (96, 140), (95, 152), (167, 198)], [(262, -4), (283, -37), (275, -131), (192, -85), (197, -60), (216, -28)], [(207, -26), (194, -4), (192, 92), (196, 99), (279, 55), (278, 40), (259, 0)], [(197, 177), (269, 169), (269, 102), (266, 93), (197, 103)]]
----------------------------------------------------------------------------------------------------------------------------------------------------------------------------------------------


||||||||||||||||||||||||||||||||||||||||||||||||||||||||||||||||||||||||||||||||||||||||||||||||||||||||||||||||||||||||||||||||||||||||||||||||||||||||||||||||||||||||||||||||||||||||||||||
Instância: embraer_3089
Data e Hora: 04/02/2025 23:38
Margem: True
{'dimensoes': ['70', '80'], 'algoritmos': {'GCG': 1, 'GRASP': 0, 'GRASP_GCG': 0, 'Random_Key': 0}, 'num_execucoes': 1}
||||||||||||||||||||||||||||||||||||||||||||||||||||||||||||||||||||||||||||||||||||||||||||||||||||||||||||||||||||||||||||||||||||||||||||||||||||||||||||||||||||||||||||||||||||||||||||||


==============================================================================================================================================================================================
Dimensão: (508, 338)
Máximo: 70%
Tempo pré-processamento NFPs: 9.82s
==============================================================================================================================================================================================

----------------------------------------------------------------------------------------------------------------------------------------------------------------------------------------------
RESULTADOS GCG:
GCG: Tempo: 157.82s, Area: 70.2%, Peças: 18/18, Fecho: 94.0%, Box: 99.0%
Peças GCG: [[(29, -138), (-199, -138), (-200, -28), (29, -76)], [(-135, 15), (-76, 40), (-19, 40), (-9, 16), (-9, -24), (-18, -48), (-83, -48), (-134, -19)], [(-199, -23), (-199, 45), (-151, 46), (-150, -22)], [(-199, 49), (-196, 96), (-58, 81), (-59, 54)], [(-58, 86), (-177, 99), (-178, 146), (-58, 147)], [(-2, 45), (-53, 46), (-53, 135), (-5, 133)], [(-58, 152), (-155, 152), (-156, 196), (-58, 190)], [(-53, 148), (-53, 160), (-28, 184), (15, 184), (17, 182), (15, 152), (-28, 146), (-52, 145)], [(235, -130), (227, -138), (36, -135), (29, -126), (29, -90), (36, -83), (229, -90), (236, -97)], [(220, -78), (214, -84), (36, -78), (36, -46), (220, -41)], [(30, -2), (220, -2), (220, -36), (30, -40)], [(30, 2), (30, 32), (216, 30), (214, 5)], [(222, 40), (216, 35), (112, 37), (90, 63), (93, 92), (111, 111), (216, 113), (222, 107)], [(49, 107), (61, 107), (85, 82), (85, 39), (83, 37), (53, 39), (47, 82), (46, 106)], [(57, 166), (64, 172), (162, 172), (170, 165), (169, 127), (159, 120), (63, 113), (57, 120)], [(236, -138), (236, -51), (283, -50), (281, -138)], [(280, 88), (288, 76), (303, -38), (293, -46), (234, -45), (227, -37), (227, 77), (234, 88)], [(258, 200), (258, 140), (236, 118), (196, 119), (174, 141), (175, 200)]]
----------------------------------------------------------------------------------------------------------------------------------------------------------------------------------------------


==============================================================================================================================================================================================
Dimensão: (475, 317)
Máximo: 80%
Tempo pré-processamento NFPs: 9.82s
==============================================================================================================================================================================================

