==============================================================================================================================================================================================
RESULTADOS GERAIS: 04/02/2025 23:15
==============================================================================================================================================================================================


||||||||||||||||||||||||||||||||||||||||||||||||||||||||||||||||||||||||||||||||||||||||||||||||||||||||||||||||||||||||||||||||||||||||||||||||||||||||||||||||||||||||||||||||||||||||||||||
Instância: embraer_3086
Data e Hora: 04/02/2025 23:15
Margem: True
{'dimensoes': ['70', '80'], 'algoritmos': {'GCG': 1, 'GRASP': 0, 'GRASP_GCG': 0, 'Random_Key': 0}, 'num_execucoes': 1}
||||||||||||||||||||||||||||||||||||||||||||||||||||||||||||||||||||||||||||||||||||||||||||||||||||||||||||||||||||||||||||||||||||||||||||||||||||||||||||||||||||||||||||||||||||||||||||||


==============================================================================================================================================================================================
Dimensão: (533, 355)
Máximo: 70%
Tempo pré-processamento NFPs: 11.8s
==============================================================================================================================================================================================

----------------------------------------------------------------------------------------------------------------------------------------------------------------------------------------------
RESULTADOS GCG:
GCG: Tempo: 347.55s, Area: 39.79%, Peças: 15/17, Fecho: 56.99999999999999%, Box: 66.0%
Peças GCG: [[(-166, -89), (-155, -98), (-155, -136), (-174, -155), (-194, -155), (-198, -152), (-200, -134), (-197, -91), (-194, -88)], [(-155, -77), (-179, -83), (-187, -81), (-196, -36), (-195, -29), (-171, -20), (-161, -22), (-154, -68)], [(-196, 191), (-156, 184), (-155, 41), (-173, -16), (-197, -13)], [(-127, -155), (-149, -151), (-153, 135), (-127, 138)], [(-106, -155), (-123, -151), (-126, 135), (-113, 140), (-102, 135)], [(24, -140), (1, -153), (-95, -155), (-102, -151), (-58, -68), (-43, -69), (-2, -88)], [(-71, -35), (-67, -38), (-74, -85), (-84, -107), (-89, -107), (-94, -98), (-96, -35)], [(1, 50), (22, 17), (14, -77), (-69, -31), (-64, -6), (-45, 26)], [(-95, 6), (-100, 102), (-86, 126), (-77, 128), (-32, 103), (-12, 65), (-11, 53), (-83, 7)], [(-78, 133), (-94, 133), (-97, 136), (-97, 193), (-88, 193), (-58, 166), (-58, 152)], [(-54, 194), (18, 186), (18, 119), (15, 110), (-54, 120)], [(73, -111), (70, -155), (31, -155), (23, -152), (27, -111), (30, -107)], [(61, -102), (30, -102), (27, -98), (29, -37), (32, -34), (52, -37), (67, -55), (70, -92)], [(30, 177), (71, 173), (63, -31), (42, -31), (25, 27), (25, 172)], [(73, -155), (71, -53), (80, -36), (90, -33), (130, -55), (154, -96), (156, -107), (149, -116)]]
----------------------------------------------------------------------------------------------------------------------------------------------------------------------------------------------


==============================================================================================================================================================================================
Dimensão: (499, 332)
Máximo: 80%
Tempo pré-processamento NFPs: 11.8s
==============================================================================================================================================================================================

