==============================================================================================================================================================================================
RESULTADOS GERAIS: 05/02/2025 15:43
==============================================================================================================================================================================================


||||||||||||||||||||||||||||||||||||||||||||||||||||||||||||||||||||||||||||||||||||||||||||||||||||||||||||||||||||||||||||||||||||||||||||||||||||||||||||||||||||||||||||||||||||||||||||||
Instância: embraer_3089
Data e Hora: 05/02/2025 15:43
Margem: True
{'dimensoes': ['80'], 'algoritmos': {'GCG': 0, 'GRASP': 1, 'GRASP_GCG': 0, 'Random_Key': 0}, 'num_execucoes': 1}
||||||||||||||||||||||||||||||||||||||||||||||||||||||||||||||||||||||||||||||||||||||||||||||||||||||||||||||||||||||||||||||||||||||||||||||||||||||||||||||||||||||||||||||||||||||||||||||


==============================================================================================================================================================================================
Dimensão: (475, 317)
Máximo: 80%
Tempo pré-processamento NFPs: 10.67s
==============================================================================================================================================================================================

----------------------------------------------------------------------------------------------------------------------------------------------------------------------------------------------
RESULTADOS GRASP:
GRASP: Tempo: 41.39s, Area: 69.61%, Peças: 16/18, Fecho: 87.0%, Box: 95.0%
Peças GRASP 1: [[(-194, -117), (-200, -110), (-200, -12), (-193, -4), (-155, -4), (-148, -14), (-141, -110), (-148, -117)], [(91, -109), (-137, -109), (-138, 1), (91, -47)], [(96, -109), (99, -62), (237, -77), (236, -104)], [(216, -70), (97, -57), (96, -10), (216, -9)], [(-5, 15), (92, 15), (92, -29), (-5, -23)], [(-200, 41), (-10, 41), (-10, 7), (-200, 3)], [(180, 49), (180, 19), (-6, 21), (-4, 46)], [(254, -4), (186, -4), (185, 44), (254, 45)], [(258, -79), (246, -79), (222, -54), (222, -11), (224, -9), (254, -11), (260, -53), (261, -77)], [(-200, 83), (-194, 88), (-16, 82), (-16, 50), (-200, 46)], [(195, 62), (187, 54), (-4, 57), (-11, 66), (-11, 102), (-4, 109), (189, 102), (196, 95)], [(268, 85), (268, 73), (243, 49), (200, 49), (198, 51), (200, 81), (243, 87), (267, 88)], [(-16, 141), (-17, 90), (-106, 90), (-104, 138)], [(-111, 93), (-198, 93), (-199, 140), (-111, 138)], [(-11, 167), (1, 175), (115, 190), (123, 180), (122, 121), (114, 114), (0, 114), (-11, 121)], [(259, 112), (253, 107), (149, 109), (127, 135), (130, 164), (148, 183), (253, 185), (259, 179)]]


Estatísticas GRASP:
Tempo - Média: 41.39s, Desvio: 0.0s
Área - Média: 69.61%, Desvio: 0.0%
Peças - Média: 16.0, Desvio: 0.0
----------------------------------------------------------------------------------------------------------------------------------------------------------------------------------------------

