==============================================================================================================================================================================================
RESULTADOS GERAIS: 27/01/2025 11:09
==============================================================================================================================================================================================


||||||||||||||||||||||||||||||||||||||||||||||||||||||||||||||||||||||||||||||||||||||||||||||||||||||||||||||||||||||||||||||||||||||||||||||||||||||||||||||||||||||||||||||||||||||||||||||
Instância: embraer_3274
Data e Hora: 27/01/2025 11:09
Margem: True
{'dimensoes': ['50', '60', '70', '80'], 'algoritmos': {'GCG': 1, 'GRASP': 0, 'GRASP_GCG': 0, 'Random_Key': 0}, 'num_execucoes': 1}
||||||||||||||||||||||||||||||||||||||||||||||||||||||||||||||||||||||||||||||||||||||||||||||||||||||||||||||||||||||||||||||||||||||||||||||||||||||||||||||||||||||||||||||||||||||||||||||


==============================================================================================================================================================================================
Dimensão: (546, 364)
Máximo: 50%
Tempo pré-processamento NFPs: 10.24s
==============================================================================================================================================================================================

----------------------------------------------------------------------------------------------------------------------------------------------------------------------------------------------
RESULTADOS GCG:
GCG: Tempo: 121.6s, Area: 43.34%, Peças: 14/16, Fecho: 85.0%, Box: 92.0%
Peças GCG: [[(-162, -164), (-199, -105), (-142, 172), (-73, 170), (-56, -45), (-120, -144)], [(-172, 83), (-168, 80), (-175, 33), (-185, 11), (-190, 11), (-195, 20), (-197, 83)], [(-191, 89), (-198, 95), (-192, 166), (-180, 170), (-154, 166), (-152, 157), (-157, 121), (-181, 88)], [(-55, -164), (-51, -142), (235, -137), (238, -164)], [(193, -132), (91, -134), (74, -125), (71, -115), (93, -75), (135, -51), (146, -49), (155, -56)], [(66, -101), (66, -132), (62, -135), (1, -133), (-2, -130), (1, -110), (19, -95), (56, -92)], [(-51, -132), (-48, -88), (-9, -88), (-1, -91), (-6, -132), (-9, -136)], [(83, -68), (60, -81), (-36, -83), (-43, -79), (1, 4), (16, 3), (57, -16)], [(-14, 54), (-3, 45), (-3, 7), (-22, -12), (-42, -12), (-46, -9), (-48, 9), (-45, 52), (-42, 55)], [(-37, 60), (-43, 83), (-41, 91), (4, 100), (11, 99), (20, 76), (18, 66), (-28, 58)], [(-35, 184), (-25, 184), (1, 154), (4, 115), (2, 105), (-24, 102), (-36, 105), (-39, 181)], [(245, -164), (240, -68), (254, -44), (263, -42), (308, -67), (328, -105), (329, -117), (257, -163)], [(315, -40), (263, -37), (254, -4), (255, 40), (303, 42), (317, -4)], [(255, 44), (261, 129), (280, 155), (294, 155), (302, 145), (310, 49)]]
----------------------------------------------------------------------------------------------------------------------------------------------------------------------------------------------


==============================================================================================================================================================================================
Dimensão: (498, 332)
Máximo: 60%
Tempo pré-processamento NFPs: 10.24s
==============================================================================================================================================================================================

----------------------------------------------------------------------------------------------------------------------------------------------------------------------------------------------
RESULTADOS GCG:
GCG: Tempo: 88.75s, Area: 40.63%, Peças: 15/16, Fecho: 76.0%, Box: 98.0%
Peças GCG: [[(-72, -111), (-105, -132), (-199, -124), (-154, -41), (-128, -46), (-96, -65)], [(-95, 61), (-82, 38), (-80, -58), (-84, -65), (-167, -20), (-166, -5), (-147, 35)], [(-175, -19), (-171, -22), (-178, -69), (-188, -91), (-193, -91), (-198, -82), (-200, -19)], [(-188, 20), (-190, 122), (-181, 139), (-171, 142), (-131, 120), (-107, 79), (-105, 68), (-112, 59)], [(-180, 170), (-173, 177), (-102, 171), (-98, 159), (-103, 133), (-112, 131), (-148, 136), (-180, 160)], [(-72, -128), (-68, -111), (218, -107), (223, -120), (218, -132)], [(221, -80), (217, -102), (-69, -106), (-72, -80)], [(71, -71), (71, -61), (101, -35), (140, -32), (150, -34), (153, -60), (149, -72), (74, -75)], [(-59, -20), (26, -26), (52, -45), (51, -59), (41, -67), (-55, -75)], [(79, -13), (-17, -18), (-41, -4), (-43, 5), (-18, 50), (21, 70), (33, 71), (79, -1)], [(-32, 99), (-21, 90), (-21, 52), (-40, 33), (-60, 33), (-64, 36), (-66, 54), (-63, 97), (-60, 100)], [(4, 137), (4, 106), (0, 103), (-61, 105), (-64, 108), (-61, 128), (-43, 143), (-6, 146)], [(-24, 149), (-68, 152), (-68, 191), (-65, 199), (-24, 195), (-20, 192)], [(287, -132), (235, -129), (226, -96), (227, -52), (275, -50), (289, -96)], [(235, 10), (259, 16), (267, 14), (275, -31), (274, -38), (251, -47), (241, -45), (234, 1)]]
----------------------------------------------------------------------------------------------------------------------------------------------------------------------------------------------


==============================================================================================================================================================================================
Dimensão: (461, 307)
Máximo: 70%
Tempo pré-processamento NFPs: 10.24s
==============================================================================================================================================================================================

----------------------------------------------------------------------------------------------------------------------------------------------------------------------------------------------
RESULTADOS GCG:
GCG: Tempo: 72.35s, Area: 46.68%, Peças: 10/16, Fecho: 86.0%, Box: 91.0%
Peças GCG: [[(-200, -1), (-141, 36), (136, -20), (134, -89), (-81, -107), (-180, -43)], [(-173, 64), (-170, 68), (-123, 62), (-101, 52), (-101, 47), (-110, 42), (-173, 39)], [(-91, 74), (-98, 67), (-169, 73), (-173, 85), (-169, 111), (-160, 113), (-124, 108), (-91, 84)], [(-184, 150), (-175, 161), (-137, 161), (-118, 142), (-118, 122), (-121, 118), (-139, 116), (-182, 119), (-185, 122)], [(114, 192), (110, 170), (-176, 166), (-179, 192)], [(139, -98), (139, -67), (143, -64), (204, -65), (207, -68), (204, -88), (186, -103), (149, -107)], [(204, -60), (152, -57), (143, -24), (144, 20), (192, 22), (206, -24)], [(144, 24), (150, 109), (169, 135), (183, 135), (191, 125), (199, 29)], [(198, 184), (195, 140), (156, 140), (148, 143), (152, 184), (155, 188)], [(229, -107), (212, -103), (209, 183), (222, 188), (233, 183)]]
----------------------------------------------------------------------------------------------------------------------------------------------------------------------------------------------


==============================================================================================================================================================================================
Dimensão: (431, 287)
Máximo: 80%
Tempo pré-processamento NFPs: 10.24s
==============================================================================================================================================================================================

----------------------------------------------------------------------------------------------------------------------------------------------------------------------------------------------
RESULTADOS GCG:
GCG: Tempo: 74.13s, Area: 43.49%, Peças: 11/16, Fecho: 70.0%, Box: 97.0%
Peças GCG: [[(-72, -66), (-105, -87), (-199, -79), (-154, 4), (-128, -1), (-96, -20)], [(-95, 106), (-82, 83), (-80, -13), (-84, -20), (-167, 25), (-166, 40), (-147, 80)], [(-175, 25), (-171, 22), (-178, -25), (-188, -47), (-193, -47), (-198, -38), (-200, 25)], [(-188, 65), (-190, 167), (-181, 184), (-171, 187), (-131, 165), (-107, 124), (-105, 113), (-112, 104)], [(-72, -87), (-68, -65), (218, -60), (221, -87)], [(170, -52), (74, -57), (50, -43), (48, -34), (73, 11), (112, 31), (124, 32), (170, -40)], [(45, 1), (42, -51), (9, -59), (-35, -59), (-37, -11), (9, 3)], [(-61, 57), (24, 51), (50, 32), (49, 18), (39, 10), (-57, 2)], [(31, 63), (24, 56), (-47, 62), (-51, 74), (-47, 100), (-38, 102), (-2, 97), (31, 73)], [(-62, 140), (-53, 151), (-15, 151), (4, 132), (4, 112), (1, 108), (-17, 106), (-60, 109), (-63, 112)], [(-61, 158), (-67, 181), (-65, 189), (-20, 198), (-13, 197), (-4, 174), (-6, 164), (-52, 156)]]
----------------------------------------------------------------------------------------------------------------------------------------------------------------------------------------------


||||||||||||||||||||||||||||||||||||||||||||||||||||||||||||||||||||||||||||||||||||||||||||||||||||||||||||||||||||||||||||||||||||||||||||||||||||||||||||||||||||||||||||||||||||||||||||||
Instância: embraer_3153
Data e Hora: 27/01/2025 11:09
Margem: True
{'dimensoes': ['50', '60', '70', '80'], 'algoritmos': {'GCG': 1, 'GRASP': 0, 'GRASP_GCG': 0, 'Random_Key': 0}, 'num_execucoes': 1}
||||||||||||||||||||||||||||||||||||||||||||||||||||||||||||||||||||||||||||||||||||||||||||||||||||||||||||||||||||||||||||||||||||||||||||||||||||||||||||||||||||||||||||||||||||||||||||||


==============================================================================================================================================================================================
Dimensão: (553, 369)
Máximo: 50%
Tempo pré-processamento NFPs: 41.98s
==============================================================================================================================================================================================

----------------------------------------------------------------------------------------------------------------------------------------------------------------------------------------------
RESULTADOS GCG:
GCG: Tempo: 102.6s, Area: 47.82%, Peças: 16/17, Fecho: 74.0%, Box: 82.0%
Peças GCG: [[(-200, -165), (-196, -148), (90, -144), (95, -157), (90, -169)], [(93, -117), (89, -139), (-197, -143), (-200, -117)], [(91, 38), (93, -113), (-85, -112), (-123, -84), (-120, -67), (35, 30)], [(-127, -78), (-127, -109), (-131, -112), (-192, -110), (-195, -107), (-192, -87), (-174, -72), (-137, -69)], [(-200, -61), (-200, -51), (-170, -25), (-131, -22), (-121, -24), (-118, -50), (-122, -62), (-197, -65)], [(-83, 3), (-85, -12), (-90, -18), (-177, -18), (-181, -11), (-179, -4), (-90, 12)], [(-173, 22), (-169, 63), (35, 56), (35, 35), (-23, 17), (-168, 17)], [(-178, 1), (-199, 1), (-199, 34), (-183, 34), (-178, 29)], [(-169, 68), (-162, 108), (-19, 110), (38, 92), (35, 68)], [(-196, 88), (-178, 88), (-175, 85), (-176, 42), (-179, 39), (-197, 39), (-199, 42), (-199, 85)], [(-67, 146), (-67, 131), (-91, 114), (-179, 114), (-176, 154), (-79, 157)], [(313, -169), (167, -153), (98, -85), (309, -43)], [(103, -12), (188, -18), (214, -37), (213, -51), (203, -59), (107, -67)], [(195, -6), (188, -13), (117, -7), (113, 5), (117, 31), (126, 33), (162, 28), (195, 4)], [(103, 70), (112, 81), (150, 81), (169, 62), (169, 42), (166, 38), (148, 36), (105, 39), (102, 42)], [(189, 146), (186, 94), (153, 86), (109, 86), (107, 134), (153, 148)]]
----------------------------------------------------------------------------------------------------------------------------------------------------------------------------------------------


==============================================================================================================================================================================================
Dimensão: (505, 336)
Máximo: 60%
Tempo pré-processamento NFPs: 41.98s
==============================================================================================================================================================================================

