==============================================================================================================================================================================================
RESULTADOS GERAIS: 03/02/2025 14:33
==============================================================================================================================================================================================


||||||||||||||||||||||||||||||||||||||||||||||||||||||||||||||||||||||||||||||||||||||||||||||||||||||||||||||||||||||||||||||||||||||||||||||||||||||||||||||||||||||||||||||||||||||||||||||
Instância: embraer_3274
Data e Hora: 03/02/2025 14:33
Margem: True
{'dimensoes': ['60'], 'algoritmos': {'GCG': 1, 'GRASP': 0, 'GRASP_GCG': 0, 'Random_Key': 0}, 'num_execucoes': 1}
||||||||||||||||||||||||||||||||||||||||||||||||||||||||||||||||||||||||||||||||||||||||||||||||||||||||||||||||||||||||||||||||||||||||||||||||||||||||||||||||||||||||||||||||||||||||||||||


==============================================================================================================================================================================================
Dimensão: (498, 332)
Máximo: 60%
Tempo pré-processamento NFPs: 9.64s
==============================================================================================================================================================================================

----------------------------------------------------------------------------------------------------------------------------------------------------------------------------------------------
RESULTADOS GCG:
GCG: Tempo: 114.77s, Area: 56.45%, Peças: 15/16, Fecho: 92.0%, Box: 98.0%
Peças GCG: [[(-200, -26), (-141, 11), (136, -45), (134, -114), (-81, -132), (-180, -68)], [(-173, 39), (-170, 43), (-123, 37), (-101, 27), (-101, 22), (-110, 17), (-173, 14)], [(-91, 49), (-98, 42), (-169, 48), (-173, 60), (-169, 86), (-160, 88), (-124, 83), (-91, 59)], [(-184, 125), (-175, 136), (-137, 136), (-118, 117), (-118, 97), (-121, 93), (-139, 91), (-182, 94), (-185, 97)], [(-45, 163), (-24, 130), (-32, 36), (-115, 82), (-110, 107), (-91, 139)], [(81, -4), (-15, -9), (-39, 5), (-41, 14), (-16, 59), (23, 79), (35, 80), (81, 8)], [(12, 77), (-19, 77), (-22, 81), (-20, 142), (-17, 145), (3, 142), (18, 124), (21, 87)], [(-184, 196), (-99, 190), (-73, 171), (-74, 157), (-84, 149), (-180, 141)], [(-31, 197), (13, 194), (13, 155), (10, 147), (-31, 152), (-35, 155)], [(19, 181), (71, 178), (79, 145), (79, 101), (31, 99), (17, 145)], [(133, 122), (135, 20), (126, 3), (116, 0), (76, 23), (52, 64), (50, 75), (57, 84)], [(119, 136), (95, 130), (87, 132), (78, 177), (79, 184), (103, 193), (113, 191), (120, 145)], [(266, -117), (243, -130), (147, -132), (140, -128), (184, -45), (199, -46), (240, -65)], [(143, -38), (143, -28), (173, -2), (212, 1), (222, -1), (225, -27), (221, -39), (146, -42)], [(293, -132), (271, -128), (267, 158), (293, 161)]]
----------------------------------------------------------------------------------------------------------------------------------------------------------------------------------------------


||||||||||||||||||||||||||||||||||||||||||||||||||||||||||||||||||||||||||||||||||||||||||||||||||||||||||||||||||||||||||||||||||||||||||||||||||||||||||||||||||||||||||||||||||||||||||||||
Instância: embraer_3153
Data e Hora: 03/02/2025 14:33
Margem: True
{'dimensoes': ['60'], 'algoritmos': {'GCG': 1, 'GRASP': 0, 'GRASP_GCG': 0, 'Random_Key': 0}, 'num_execucoes': 1}
||||||||||||||||||||||||||||||||||||||||||||||||||||||||||||||||||||||||||||||||||||||||||||||||||||||||||||||||||||||||||||||||||||||||||||||||||||||||||||||||||||||||||||||||||||||||||||||


==============================================================================================================================================================================================
Dimensão: (505, 336)
Máximo: 60%
Tempo pré-processamento NFPs: 9.62s
==============================================================================================================================================================================================

