==============================================================================================================================================================================================
RESULTADOS GERAIS: 06/02/2025 09:37
==============================================================================================================================================================================================


||||||||||||||||||||||||||||||||||||||||||||||||||||||||||||||||||||||||||||||||||||||||||||||||||||||||||||||||||||||||||||||||||||||||||||||||||||||||||||||||||||||||||||||||||||||||||||||
Instância: embraer_3153
Data e Hora: 06/02/2025 09:37
Margem: True
{'dimensoes': ['50', '70'], 'algoritmos': {'GCG': 0, 'GRASP': 1, 'GRASP_GCG': 0, 'Random_Key': 0}, 'num_execucoes': 3}
||||||||||||||||||||||||||||||||||||||||||||||||||||||||||||||||||||||||||||||||||||||||||||||||||||||||||||||||||||||||||||||||||||||||||||||||||||||||||||||||||||||||||||||||||||||||||||||


==============================================================================================================================================================================================
Dimensão: (553, 369)
Máximo: 50%
Tempo pré-processamento NFPs: 11.22s
==============================================================================================================================================================================================

----------------------------------------------------------------------------------------------------------------------------------------------------------------------------------------------
RESULTADOS GRASP:
GRASP: Tempo: 9.11s, Area: 49.97%, Peças: 17/17, Fecho: 65.7%, Box: 72.81%
Peças GRASP 1: [[(-200, -160), (-198, -145), (-193, -139), (-106, -138), (-102, -145), (-104, -152), (-193, -169)], [(-42, -132), (-193, -134), (-193, 44), (-164, 82), (-147, 79), (-50, -76)], [(-97, -158), (-97, -140), (-94, -137), (-51, -137), (-48, -140), (-48, -158), (-51, -161), (-94, -161)], [(-168, 85), (-189, 85), (-189, 118), (-173, 118), (-168, 113)], [(-161, 166), (-151, 166), (-125, 136), (-122, 97), (-124, 87), (-150, 84), (-162, 87), (-165, 163)], [(-85, 16), (-100, 16), (-117, 40), (-117, 128), (-77, 125), (-74, 29)], [(-64, 144), (-23, 140), (-31, -64), (-52, -64), (-69, -6), (-69, 139)], [(-68, 148), (-77, 136), (-115, 137), (-134, 155), (-134, 175), (-131, 179), (-113, 181), (-70, 179), (-67, 176)], [(-18, 140), (22, 133), (23, -10), (5, -67), (-19, -64)], [(-39, -68), (13, -71), (21, -104), (21, -148), (-27, -150), (-41, -104)], [(18, 150), (11, 143), (-60, 149), (-64, 161), (-60, 187), (-51, 189), (-15, 184), (18, 160)], [(52, -156), (30, -152), (26, 134), (52, 137)], [(77, -153), (60, -149), (57, 137), (70, 142), (81, 137)], [(23, 151), (23, 182), (27, 185), (88, 184), (91, 181), (88, 161), (70, 146), (33, 142)], [(82, -153), (98, -7), (166, 62), (208, -148)], [(85, 36), (91, 121), (110, 147), (124, 147), (132, 137), (140, 41)], [(143, 66), (143, 134), (146, 137), (215, 123), (212, 66)]]

GRASP: Tempo: 9.55s, Area: 49.95%, Peças: 17/17, Fecho: 64.3%, Box: 71.16%
Peças GRASP 2: [[(-179, -169), (-200, -169), (-200, -136), (-184, -136), (-179, -141)], [(-200, 161), (-178, 157), (-174, -129), (-200, -132)], [(-152, -131), (-169, -127), (-172, 159), (-159, 164), (-148, 159)], [(-143, 158), (-103, 151), (-102, 8), (-120, -49), (-144, -46)], [(-126, -102), (-144, -102), (-147, -99), (-146, -56), (-143, -53), (-125, -53), (-123, -56), (-123, -99)], [(-189, 172), (-187, 187), (-182, 193), (-95, 194), (-91, 187), (-93, 180), (-182, 163)], [(-56, -29), (-97, -25), (-89, 179), (-68, 179), (-51, 121), (-51, -24)], [(-108, -111), (-115, -105), (-109, -34), (-97, -30), (-71, -34), (-69, -43), (-74, -79), (-98, -112)], [(-161, -156), (-161, -146), (-131, -120), (-92, -117), (-82, -119), (-79, -145), (-83, -157), (-158, -160)], [(-71, -138), (-65, -53), (-46, -27), (-32, -27), (-24, -37), (-16, -133)], [(104, -20), (-47, -22), (-47, 156), (-18, 194), (-1, 191), (96, 36)], [(-15, -26), (131, -42), (199, -110), (-11, -152)], [(143, -35), (112, -35), (109, -31), (111, 30), (114, 33), (134, 30), (149, 12), (152, -25)], [(89, 118), (141, 115), (149, 82), (149, 38), (101, 36), (87, 82)], [(47, 123), (47, 191), (50, 194), (119, 180), (116, 123)], [(189, -79), (174, -79), (157, -55), (157, 33), (197, 30), (200, -66)], [(188, 128), (199, 119), (199, 81), (180, 62), (160, 62), (156, 65), (154, 83), (157, 126), (160, 129)]]

GRASP: Tempo: 18.37s, Area: 49.99%, Peças: 17/17, Fecho: 71.12%, Box: 78.84%
Peças GRASP 3: [[(-198, -169), (-200, -18), (-22, -18), (16, -46), (13, -63), (-142, -160)], [(18, -42), (18, -21), (51, -21), (51, -37), (45, -42)], [(76, 4), (74, -11), (69, -17), (-18, -17), (-22, -10), (-20, -3), (69, 13)], [(-75, -10), (-75, 8), (-72, 11), (-29, 11), (-26, 8), (-26, -10), (-29, -13), (-72, -13)], [(-80, 19), (-80, 4), (-104, -13), (-192, -13), (-189, 27), (-92, 30)], [(111, 58), (104, 18), (-39, 17), (-96, 35), (-93, 59)], [(-181, 36), (-181, 46), (-151, 72), (-112, 75), (-102, 73), (-99, 47), (-103, 35), (-178, 32)], [(111, 104), (107, 63), (-97, 71), (-97, 92), (-39, 109), (106, 109)], [(150, 104), (161, 95), (161, 57), (142, 38), (122, 38), (118, 41), (116, 59), (119, 102), (122, 105)], [(-166, 85), (-166, 116), (-162, 119), (-101, 118), (-98, 115), (-101, 95), (-119, 80), (-156, 76)], [(-93, 116), (-89, 138), (197, 143), (200, 116)], [(200, 165), (196, 148), (-90, 145), (-95, 158), (-90, 169)], [(-95, 130), (-102, 123), (-173, 129), (-177, 141), (-173, 167), (-164, 169), (-128, 164), (-95, 140)], [(205, 165), (273, 165), (276, 162), (261, 93), (205, 96)], [(164, 28), (167, 80), (200, 89), (244, 89), (246, 41), (200, 26)], [(192, -34), (107, -28), (81, -9), (81, 5), (91, 13), (188, 21)], [(213, -161), (67, -145), (-2, -77), (209, -35)]]


Estatísticas GRASP:
Tempo - Média: 12.34s, Desvio: 4.27s
Área - Média: 49.97%, Desvio: 0.02%
Peças - Média: 17.0, Desvio: 0.0
Fecho - Média: 67.04%, Desvio: 2.94%
Box - Média: 74.27%, Desvio: 3.3%
----------------------------------------------------------------------------------------------------------------------------------------------------------------------------------------------


==============================================================================================================================================================================================
Dimensão: (467, 312)
Máximo: 70%
Tempo pré-processamento NFPs: 11.22s
==============================================================================================================================================================================================

