==============================================================================================================================================================================================
RESULTADOS GERAIS: 04/02/2025 23:50
==============================================================================================================================================================================================


||||||||||||||||||||||||||||||||||||||||||||||||||||||||||||||||||||||||||||||||||||||||||||||||||||||||||||||||||||||||||||||||||||||||||||||||||||||||||||||||||||||||||||||||||||||||||||||
Instância: embraer_3086
Data e Hora: 04/02/2025 23:50
Margem: True
{'dimensoes': ['50', '60', '70', '80'], 'algoritmos': {'GCG': 1, 'GRASP': 0, 'GRASP_GCG': 0, 'Random_Key': 0}, 'num_execucoes': 1}
||||||||||||||||||||||||||||||||||||||||||||||||||||||||||||||||||||||||||||||||||||||||||||||||||||||||||||||||||||||||||||||||||||||||||||||||||||||||||||||||||||||||||||||||||||||||||||||


==============================================================================================================================================================================================
Dimensão: (631, 421)
Máximo: 50%
Tempo pré-processamento NFPs: 11.95s
==============================================================================================================================================================================================

----------------------------------------------------------------------------------------------------------------------------------------------------------------------------------------------
RESULTADOS GCG:
GCG: Tempo: 276.4s, Area: 50.06%, Peças: 17/17, Fecho: 70.0%, Box: 76.0%
Peças GCG: [[(191, -202), (12, -219), (-96, -214), (-188, -195), (-200, -149), (-185, -137), (190, -127)], [(-102, -122), (-98, -100), (188, -95), (191, -122)], [(-107, -126), (-110, -130), (-157, -123), (-179, -113), (-179, -108), (-170, -103), (-107, -101)], [(-186, 0), (188, -19), (186, -59), (44, -93), (-183, -81)], [(-185, 5), (-181, 22), (105, 26), (110, 13), (105, 1)], [(-188, 34), (-184, 75), (20, 68), (20, 47), (-38, 29), (-183, 29)], [(-184, 80), (-177, 120), (-34, 122), (23, 104), (20, 80)], [(147, 51), (114, 30), (20, 38), (65, 121), (91, 116), (123, 97)], [(-102, 145), (-102, 129), (-105, 126), (-162, 126), (-162, 135), (-135, 165), (-121, 165)], [(-98, 127), (-90, 199), (-23, 199), (-14, 196), (-24, 127)], [(-16, 151), (-7, 162), (31, 162), (50, 143), (50, 123), (47, 119), (29, 117), (-14, 120), (-17, 123)], [(89, 126), (58, 126), (55, 130), (57, 191), (60, 194), (80, 191), (95, 173), (98, 136)], [(105, 158), (149, 155), (149, 116), (146, 108), (105, 113), (101, 116)], [(119, -5), (113, 18), (115, 26), (160, 35), (167, 34), (176, 11), (174, 1), (128, -7)], [(275, -98), (280, -194), (266, -218), (257, -220), (212, -194), (192, -156), (191, -144), (263, -98)], [(264, 32), (277, 9), (279, -87), (275, -94), (192, -49), (193, -34), (212, 6)], [(275, 157), (277, 55), (268, 38), (258, 35), (218, 58), (194, 99), (192, 110), (199, 119)]]
----------------------------------------------------------------------------------------------------------------------------------------------------------------------------------------------


==============================================================================================================================================================================================
Dimensão: (576, 384)
Máximo: 60%
Tempo pré-processamento NFPs: 11.95s
==============================================================================================================================================================================================

----------------------------------------------------------------------------------------------------------------------------------------------------------------------------------------------
RESULTADOS GCG:
GCG: Tempo: 259.16s, Area: 60.12%, Peças: 17/17, Fecho: 84.0%, Box: 96.0%
Peças GCG: [[(191, -165), (12, -182), (-96, -177), (-188, -158), (-200, -112), (-185, -100), (190, -90)], [(-102, -85), (-98, -63), (188, -58), (191, -85)], [(-107, -89), (-110, -93), (-157, -86), (-179, -76), (-179, -71), (-170, -66), (-107, -64)], [(-186, 37), (188, 18), (186, -22), (44, -56), (-183, -44)], [(-185, 42), (-181, 59), (105, 63), (110, 50), (105, 38)], [(-188, 71), (-184, 112), (20, 105), (20, 84), (-38, 66), (-183, 66)], [(-184, 117), (-177, 157), (-34, 159), (23, 141), (20, 117)], [(44, 67), (28, 67), (25, 70), (25, 127), (34, 127), (64, 100), (64, 86)], [(189, 84), (156, 63), (62, 71), (107, 154), (133, 149), (165, 130)], [(60, 187), (60, 156), (56, 153), (-5, 155), (-8, 158), (-5, 178), (13, 193), (50, 196)], [(71, 157), (65, 180), (67, 188), (112, 197), (119, 196), (128, 173), (126, 163), (80, 155)], [(136, 199), (180, 196), (180, 157), (177, 149), (136, 154), (132, 157)], [(314, -182), (212, -184), (195, -175), (192, -165), (214, -125), (256, -101), (267, -99), (276, -106)], [(199, -122), (194, -26), (208, -2), (217, 0), (262, -25), (282, -63), (283, -75), (211, -121)], [(194, 36), (203, 47), (241, 47), (260, 28), (260, 8), (257, 4), (239, 2), (196, 5), (193, 8)], [(274, 155), (287, 132), (289, 36), (285, 29), (202, 74), (203, 89), (222, 129)], [(280, 25), (352, 17), (352, -50), (349, -59), (280, -49)]]
----------------------------------------------------------------------------------------------------------------------------------------------------------------------------------------------


==============================================================================================================================================================================================
Dimensão: (533, 355)
Máximo: 70%
Tempo pré-processamento NFPs: 11.95s
==============================================================================================================================================================================================

----------------------------------------------------------------------------------------------------------------------------------------------------------------------------------------------
RESULTADOS GCG:
GCG: Tempo: 255.67s, Area: 66.48%, Peças: 16/17, Fecho: 89.0%, Box: 94.0%
Peças GCG: [[(191, -136), (12, -153), (-96, -148), (-188, -129), (-200, -83), (-185, -71), (190, -61)], [(-102, -56), (-98, -34), (188, -29), (191, -56)], [(-107, -60), (-110, -64), (-157, -57), (-179, -47), (-179, -42), (-170, -37), (-107, -35)], [(-186, 66), (188, 47), (186, 7), (44, -27), (-183, -15)], [(-185, 71), (-181, 88), (105, 92), (110, 79), (105, 67)], [(-188, 100), (-184, 141), (20, 134), (20, 113), (-38, 95), (-183, 95)], [(-184, 146), (-177, 186), (-34, 188), (23, 170), (20, 146)], [(25, 130), (34, 141), (72, 141), (91, 122), (91, 102), (88, 98), (70, 96), (27, 99), (24, 102)], [(85, 165), (85, 149), (82, 146), (25, 146), (25, 155), (52, 185), (66, 185)], [(168, 183), (181, 160), (183, 64), (179, 57), (96, 102), (97, 117), (116, 157)], [(319, -134), (286, -155), (192, -147), (237, -64), (263, -69), (295, -88)], [(196, -79), (194, 23), (203, 40), (213, 43), (253, 21), (277, -20), (279, -31), (272, -40)], [(229, 47), (198, 47), (195, 51), (197, 112), (200, 115), (220, 112), (235, 94), (238, 57)], [(194, 176), (218, 182), (226, 180), (234, 135), (233, 128), (210, 119), (200, 121), (193, 167)], [(239, 170), (311, 162), (311, 95), (308, 86), (239, 96)], [(287, 29), (243, 32), (243, 71), (246, 79), (287, 75), (291, 72)]]
----------------------------------------------------------------------------------------------------------------------------------------------------------------------------------------------


==============================================================================================================================================================================================
Dimensão: (499, 332)
Máximo: 80%
Tempo pré-processamento NFPs: 11.95s
==============================================================================================================================================================================================

----------------------------------------------------------------------------------------------------------------------------------------------------------------------------------------------
RESULTADOS GCG:
GCG: Tempo: 245.35s, Area: 65.82%, Peças: 11/17, Fecho: 87.0%, Box: 96.0%
Peças GCG: [[(191, -113), (12, -130), (-96, -125), (-188, -106), (-200, -60), (-185, -48), (190, -38)], [(-102, -33), (-98, -11), (188, -6), (191, -33)], [(-107, -37), (-110, -41), (-157, -34), (-179, -24), (-179, -19), (-170, -14), (-107, -12)], [(-186, 89), (188, 70), (186, 30), (44, -4), (-183, 8)], [(-185, 94), (-181, 111), (105, 115), (110, 102), (105, 90)], [(-188, 123), (-184, 164), (20, 157), (20, 136), (-38, 118), (-183, 118)], [(79, 138), (79, 122), (76, 119), (19, 119), (19, 128), (46, 158), (60, 158)], [(179, 198), (184, 102), (170, 78), (161, 76), (116, 102), (96, 140), (95, 152), (167, 198)], [(262, -4), (283, -37), (275, -131), (192, -85), (197, -60), (216, -28)], [(207, -26), (194, -4), (192, 92), (196, 99), (279, 55), (278, 40), (259, 0)], [(197, 177), (269, 169), (269, 102), (266, 93), (197, 103)]]
----------------------------------------------------------------------------------------------------------------------------------------------------------------------------------------------


||||||||||||||||||||||||||||||||||||||||||||||||||||||||||||||||||||||||||||||||||||||||||||||||||||||||||||||||||||||||||||||||||||||||||||||||||||||||||||||||||||||||||||||||||||||||||||||
Instância: embraer_3089
Data e Hora: 04/02/2025 23:50
Margem: True
{'dimensoes': ['50', '60', '70', '80'], 'algoritmos': {'GCG': 1, 'GRASP': 0, 'GRASP_GCG': 0, 'Random_Key': 0}, 'num_execucoes': 1}
||||||||||||||||||||||||||||||||||||||||||||||||||||||||||||||||||||||||||||||||||||||||||||||||||||||||||||||||||||||||||||||||||||||||||||||||||||||||||||||||||||||||||||||||||||||||||||||


==============================================================================================================================================================================================
Dimensão: (601, 401)
Máximo: 50%
Tempo pré-processamento NFPs: 10.15s
==============================================================================================================================================================================================

----------------------------------------------------------------------------------------------------------------------------------------------------------------------------------------------
RESULTADOS GCG:
GCG: Tempo: 172.31s, Area: 49.97%, Peças: 18/18, Fecho: 66.0%, Box: 70.0%
Peças GCG: [[(29, -201), (-199, -201), (-200, -91), (29, -139)], [(-135, -47), (-76, -22), (-19, -22), (-9, -46), (-9, -86), (-18, -110), (-83, -110), (-134, -81)], [(-199, -86), (-199, -18), (-151, -17), (-150, -85)], [(-199, -14), (-196, 33), (-58, 18), (-59, -9)], [(-58, 23), (-177, 36), (-178, 83), (-58, 84)], [(-49, -18), (-53, -12), (-52, 92), (-25, 114), (4, 111), (23, 93), (24, -12), (18, -18)], [(-188, 142), (-176, 150), (-62, 165), (-54, 155), (-55, 96), (-63, 89), (-177, 89), (-188, 96)], [(-48, 189), (-36, 189), (-12, 164), (-12, 121), (-14, 119), (-44, 121), (-50, 164), (-51, 188)], [(-163, 162), (-163, 174), (-138, 198), (-95, 198), (-93, 196), (-95, 166), (-138, 160), (-162, 159)], [(220, -201), (30, -201), (30, -167), (220, -163)], [(29, -125), (35, -120), (213, -126), (213, -158), (29, -162)], [(117, -77), (214, -77), (214, -121), (117, -115)], [(30, -31), (90, -31), (112, -53), (111, -93), (89, -115), (30, -114)], [(30, -27), (31, 24), (120, 24), (117, -24)], [(169, 134), (176, 126), (174, -65), (164, -72), (128, -72), (121, -65), (129, 128), (136, 135)], [(67, 29), (61, 36), (61, 134), (68, 142), (106, 142), (113, 132), (120, 36), (113, 29)], [(209, -72), (179, -72), (181, 114), (206, 112)], [(63, 193), (150, 193), (150, 146), (63, 148)]]
----------------------------------------------------------------------------------------------------------------------------------------------------------------------------------------------


==============================================================================================================================================================================================
Dimensão: (549, 366)
Máximo: 60%
Tempo pré-processamento NFPs: 10.15s
==============================================================================================================================================================================================

----------------------------------------------------------------------------------------------------------------------------------------------------------------------------------------------
RESULTADOS GCG:
GCG: Tempo: 164.66s, Area: 60.03%, Peças: 18/18, Fecho: 82.0%, Box: 93.0%
Peças GCG: [[(6, -158), (-2, -166), (-193, -163), (-200, -154), (-200, -118), (-193, -111), (0, -118), (7, -125)], [(-8, -106), (-14, -112), (-192, -106), (-192, -74), (-8, -69)], [(-198, -30), (-8, -30), (-8, -64), (-198, -68)], [(-8, 5), (-8, -25), (-194, -23), (-192, 2)], [(-193, 6), (-190, 53), (-52, 38), (-53, 11)], [(-51, 43), (-170, 56), (-171, 103), (-51, 104)], [(-4, 107), (-4, 10), (-48, 9), (-42, 107)], [(-177, 181), (-171, 185), (-67, 184), (-45, 157), (-48, 128), (-66, 109), (-171, 108), (-177, 114)], [(-4, 112), (-16, 112), (-40, 137), (-40, 180), (-38, 182), (-8, 180), (-2, 138), (-1, 114)], [(236, -166), (8, -166), (7, -56), (236, -104)], [(71, -13), (130, 12), (187, 12), (197, -12), (197, -52), (188, -76), (123, -76), (72, -47)], [(7, -51), (7, 17), (55, 18), (56, -50)], [(160, 28), (153, 22), (55, 22), (47, 29), (47, 67), (57, 74), (154, 81), (160, 74)], [(22, 83), (22, 143), (44, 165), (84, 165), (106, 143), (105, 83)], [(162, 86), (111, 87), (111, 176), (159, 174)], [(212, 105), (212, 18), (165, 17), (167, 105)], [(166, 200), (178, 200), (202, 175), (202, 132), (200, 130), (170, 132), (164, 175), (163, 199)], [(290, -31), (298, -43), (313, -157), (303, -165), (244, -164), (237, -156), (237, -42), (244, -31)]]
----------------------------------------------------------------------------------------------------------------------------------------------------------------------------------------------


==============================================================================================================================================================================================
Dimensão: (508, 338)
Máximo: 70%
Tempo pré-processamento NFPs: 10.15s
==============================================================================================================================================================================================

----------------------------------------------------------------------------------------------------------------------------------------------------------------------------------------------
RESULTADOS GCG:
GCG: Tempo: 157.57s, Area: 70.2%, Peças: 18/18, Fecho: 94.0%, Box: 99.0%
Peças GCG: [[(29, -138), (-199, -138), (-200, -28), (29, -76)], [(-135, 15), (-76, 40), (-19, 40), (-9, 16), (-9, -24), (-18, -48), (-83, -48), (-134, -19)], [(-199, -23), (-199, 45), (-151, 46), (-150, -22)], [(-199, 49), (-196, 96), (-58, 81), (-59, 54)], [(-58, 86), (-177, 99), (-178, 146), (-58, 147)], [(-2, 45), (-53, 46), (-53, 135), (-5, 133)], [(-58, 152), (-155, 152), (-156, 196), (-58, 190)], [(-53, 148), (-53, 160), (-28, 184), (15, 184), (17, 182), (15, 152), (-28, 146), (-52, 145)], [(235, -130), (227, -138), (36, -135), (29, -126), (29, -90), (36, -83), (229, -90), (236, -97)], [(220, -78), (214, -84), (36, -78), (36, -46), (220, -41)], [(30, -2), (220, -2), (220, -36), (30, -40)], [(30, 2), (30, 32), (216, 30), (214, 5)], [(222, 40), (216, 35), (112, 37), (90, 63), (93, 92), (111, 111), (216, 113), (222, 107)], [(49, 107), (61, 107), (85, 82), (85, 39), (83, 37), (53, 39), (47, 82), (46, 106)], [(57, 166), (64, 172), (162, 172), (170, 165), (169, 127), (159, 120), (63, 113), (57, 120)], [(236, -138), (236, -51), (283, -50), (281, -138)], [(280, 88), (288, 76), (303, -38), (293, -46), (234, -45), (227, -37), (227, 77), (234, 88)], [(258, 200), (258, 140), (236, 118), (196, 119), (174, 141), (175, 200)]]
----------------------------------------------------------------------------------------------------------------------------------------------------------------------------------------------


==============================================================================================================================================================================================
Dimensão: (475, 317)
Máximo: 80%
Tempo pré-processamento NFPs: 10.15s
==============================================================================================================================================================================================

----------------------------------------------------------------------------------------------------------------------------------------------------------------------------------------------
RESULTADOS GCG:
GCG: Tempo: 137.14s, Area: 69.91%, Peças: 16/18, Fecho: 90.0%, Box: 99.0%
Peças GCG: [[(6, -109), (-2, -117), (-193, -114), (-200, -105), (-200, -69), (-193, -62), (0, -69), (7, -76)], [(-8, -57), (-14, -63), (-192, -57), (-192, -25), (-8, -20)], [(-198, 18), (-8, 18), (-8, -16), (-198, -20)], [(-8, 53), (-8, 23), (-194, 25), (-192, 50)], [(-193, 55), (-190, 102), (-52, 87), (-53, 60)], [(-51, 92), (-170, 105), (-171, 152), (-51, 153)], [(5, 58), (-46, 59), (-46, 148), (2, 146)], [(-99, 199), (-2, 199), (-2, 155), (-99, 161)], [(-125, 194), (-125, 182), (-150, 158), (-193, 158), (-195, 160), (-193, 190), (-150, 196), (-126, 197)], [(236, -117), (8, -117), (7, -7), (236, -55)], [(71, 36), (130, 61), (187, 61), (197, 37), (197, -3), (188, -27), (123, -27), (72, 2)], [(7, -2), (7, 66), (55, 67), (56, -1)], [(165, 74), (159, 69), (55, 71), (33, 97), (36, 126), (54, 145), (159, 147), (165, 141)], [(170, 66), (170, 153), (217, 154), (215, 66)], [(7, 149), (7, 161), (32, 185), (75, 185), (77, 183), (75, 153), (32, 147), (8, 146)], [(220, -46), (214, -39), (214, 59), (221, 67), (259, 67), (266, 57), (273, -39), (266, -46)]]
----------------------------------------------------------------------------------------------------------------------------------------------------------------------------------------------


||||||||||||||||||||||||||||||||||||||||||||||||||||||||||||||||||||||||||||||||||||||||||||||||||||||||||||||||||||||||||||||||||||||||||||||||||||||||||||||||||||||||||||||||||||||||||||||
Instância: embraer_3274
Data e Hora: 04/02/2025 23:50
Margem: True
{'dimensoes': ['50', '60', '70', '80'], 'algoritmos': {'GCG': 1, 'GRASP': 0, 'GRASP_GCG': 0, 'Random_Key': 0}, 'num_execucoes': 1}
||||||||||||||||||||||||||||||||||||||||||||||||||||||||||||||||||||||||||||||||||||||||||||||||||||||||||||||||||||||||||||||||||||||||||||||||||||||||||||||||||||||||||||||||||||||||||||||


==============================================================================================================================================================================================
Dimensão: (546, 364)
Máximo: 50%
Tempo pré-processamento NFPs: 9.64s
==============================================================================================================================================================================================

----------------------------------------------------------------------------------------------------------------------------------------------------------------------------------------------
RESULTADOS GCG:
GCG: Tempo: 207.07s, Area: 49.94%, Peças: 16/16, Fecho: 81.0%, Box: 89.0%
Peças GCG: [[(136, -126), (77, -163), (-200, -106), (-198, -37), (17, -20), (116, -84)], [(-152, -1), (-149, 3), (-102, -3), (-80, -13), (-80, -18), (-89, -23), (-152, -26)], [(-197, 25), (-173, 31), (-165, 29), (-157, -16), (-158, -23), (-181, -32), (-191, -30), (-198, 16)], [(-95, 37), (-102, 30), (-173, 36), (-177, 48), (-173, 74), (-164, 76), (-128, 71), (-95, 47)], [(-187, 114), (-178, 125), (-140, 125), (-121, 106), (-121, 86), (-124, 82), (-142, 80), (-185, 83), (-188, 86)], [(4, 86), (-29, 65), (-123, 73), (-78, 156), (-52, 151), (-20, 132)], [(46, -13), (-50, -18), (-74, -4), (-76, 5), (-51, 50), (-12, 70), (0, 71), (46, -1)], [(-181, 134), (-181, 144), (-151, 170), (-112, 173), (-102, 171), (-99, 145), (-103, 133), (-178, 130)], [(1, 191), (1, 160), (-3, 157), (-64, 159), (-67, 162), (-64, 182), (-46, 197), (-9, 200)], [(2, 154), (54, 151), (62, 118), (62, 74), (14, 72), (0, 118)], [(50, -35), (56, 50), (75, 76), (89, 76), (97, 66), (105, -30)], [(58, 199), (102, 196), (102, 157), (99, 149), (58, 154), (54, 157)], [(263, -149), (240, -162), (144, -164), (137, -160), (181, -77), (196, -78), (237, -97)], [(140, -92), (138, 10), (147, 27), (157, 30), (197, 8), (221, -33), (223, -44), (216, -53)], [(256, -94), (234, -90), (230, 196), (256, 199)], [(282, -164), (265, -160), (262, 126), (275, 131), (286, 126)]]
----------------------------------------------------------------------------------------------------------------------------------------------------------------------------------------------


==============================================================================================================================================================================================
Dimensão: (498, 332)
Máximo: 60%
Tempo pré-processamento NFPs: 9.64s
==============================================================================================================================================================================================

----------------------------------------------------------------------------------------------------------------------------------------------------------------------------------------------
RESULTADOS GCG:
GCG: Tempo: 183.45s, Area: 60.04%, Peças: 16/16, Fecho: 82.0%, Box: 95.0%
Peças GCG: [[(-200, -26), (-141, 11), (136, -45), (134, -114), (-81, -132), (-180, -68)], [(-173, 39), (-170, 43), (-123, 37), (-101, 27), (-101, 22), (-110, 17), (-173, 14)], [(-91, 49), (-98, 42), (-169, 48), (-173, 60), (-169, 86), (-160, 88), (-124, 83), (-91, 59)], [(-184, 125), (-175, 136), (-137, 136), (-118, 117), (-118, 97), (-121, 93), (-139, 91), (-182, 94), (-185, 97)], [(-45, 163), (-24, 130), (-32, 36), (-115, 82), (-110, 107), (-91, 139)], [(81, -4), (-15, -9), (-39, 5), (-41, 14), (-16, 59), (23, 79), (35, 80), (81, 8)], [(12, 77), (-19, 77), (-22, 81), (-20, 142), (-17, 145), (3, 142), (18, 124), (21, 87)], [(-184, 196), (-99, 190), (-73, 171), (-74, 157), (-84, 149), (-180, 141)], [(-31, 197), (13, 194), (13, 155), (10, 147), (-31, 152), (-35, 155)], [(19, 181), (71, 178), (79, 145), (79, 101), (31, 99), (17, 145)], [(133, 122), (135, 20), (126, 3), (116, 0), (76, 23), (52, 64), (50, 75), (57, 84)], [(119, 136), (95, 130), (87, 132), (78, 177), (79, 184), (103, 193), (113, 191), (120, 145)], [(163, -132), (141, -128), (137, 158), (163, 161)], [(185, -132), (168, -128), (165, 158), (178, 163), (189, 158)], [(261, -5), (274, -28), (276, -124), (272, -131), (189, -86), (190, -71), (209, -31)], [(195, 65), (205, 65), (231, 35), (234, -4), (232, -14), (206, -17), (194, -14), (191, 62)]]
----------------------------------------------------------------------------------------------------------------------------------------------------------------------------------------------


==============================================================================================================================================================================================
Dimensão: (461, 307)
Máximo: 70%
Tempo pré-processamento NFPs: 9.64s
==============================================================================================================================================================================================

----------------------------------------------------------------------------------------------------------------------------------------------------------------------------------------------
RESULTADOS GCG:
GCG: Tempo: 171.55s, Area: 60.99%, Peças: 14/16, Fecho: 90.0%, Box: 98.0%
Peças GCG: [[(-200, -1), (-141, 36), (136, -20), (134, -89), (-81, -107), (-180, -43)], [(-173, 64), (-170, 68), (-123, 62), (-101, 52), (-101, 47), (-110, 42), (-173, 39)], [(-91, 74), (-98, 67), (-169, 73), (-173, 85), (-169, 111), (-160, 113), (-124, 108), (-91, 84)], [(-89, 30), (-83, 115), (-64, 141), (-50, 141), (-42, 131), (-34, 35)], [(89, 32), (56, 11), (-38, 19), (7, 102), (33, 97), (65, 78)], [(-164, 122), (-164, 132), (-134, 158), (-95, 161), (-85, 159), (-82, 133), (-86, 121), (-161, 118)], [(-42, 188), (10, 185), (18, 152), (18, 108), (-30, 106), (-44, 152)], [(56, 104), (25, 104), (22, 108), (24, 169), (27, 172), (47, 169), (62, 151), (65, 114)], [(104, 133), (80, 127), (72, 129), (63, 174), (64, 181), (88, 190), (98, 188), (105, 142)], [(86, 60), (75, 69), (75, 107), (94, 126), (114, 126), (118, 123), (119, 105), (117, 62), (114, 59)], [(-194, 152), (-191, 196), (-152, 196), (-144, 193), (-149, 152), (-152, 148)], [(258, -105), (156, -107), (139, -98), (136, -88), (158, -48), (200, -24), (211, -22), (220, -29)], [(144, -45), (139, 51), (153, 75), (162, 77), (207, 52), (227, 14), (228, 2), (156, -44)], [(236, 161), (249, 138), (251, 42), (247, 35), (164, 80), (165, 95), (184, 135)]]
----------------------------------------------------------------------------------------------------------------------------------------------------------------------------------------------


==============================================================================================================================================================================================
Dimensão: (431, 287)
Máximo: 80%
Tempo pré-processamento NFPs: 9.64s
==============================================================================================================================================================================================

----------------------------------------------------------------------------------------------------------------------------------------------------------------------------------------------
RESULTADOS GCG:
GCG: Tempo: 155.67s, Area: 64.01%, Peças: 13/16, Fecho: 86.0%, Box: 97.0%
Peças GCG: [[(136, -50), (77, -87), (-200, -30), (-198, 39), (17, 56), (116, -8)], [(-152, 75), (-149, 79), (-102, 73), (-80, 63), (-80, 58), (-89, 53), (-152, 50)], [(-197, 102), (-173, 108), (-165, 106), (-157, 61), (-158, 54), (-181, 45), (-191, 47), (-198, 93)], [(-95, 114), (-102, 107), (-173, 113), (-177, 125), (-173, 151), (-164, 153), (-128, 148), (-95, 124)], [(18, 72), (-78, 67), (-102, 81), (-104, 90), (-79, 135), (-40, 155), (-28, 156), (18, 84)], [(-148, 160), (-148, 170), (-118, 196), (-79, 199), (-69, 197), (-66, 171), (-70, 159), (-145, 156)], [(91, 141), (112, 108), (104, 14), (21, 60), (26, 85), (45, 117)], [(-34, 191), (68, 193), (85, 184), (88, 174), (65, 134), (24, 110), (13, 108), (4, 115)], [(101, 191), (132, 191), (135, 187), (133, 126), (130, 123), (110, 126), (95, 144), (92, 181)], [(136, -85), (139, -33), (172, -24), (216, -24), (218, -72), (172, -87)], [(149, 14), (158, 25), (196, 25), (215, 6), (215, -14), (212, -18), (194, -20), (151, -17), (148, -14)], [(157, 30), (163, 115), (182, 141), (196, 141), (204, 131), (212, 35)], [(212, 190), (209, 146), (170, 146), (162, 149), (166, 190), (169, 194)]]
----------------------------------------------------------------------------------------------------------------------------------------------------------------------------------------------


||||||||||||||||||||||||||||||||||||||||||||||||||||||||||||||||||||||||||||||||||||||||||||||||||||||||||||||||||||||||||||||||||||||||||||||||||||||||||||||||||||||||||||||||||||||||||||||
Instância: embraer_3153
Data e Hora: 04/02/2025 23:50
Margem: True
{'dimensoes': ['50', '60', '70', '80'], 'algoritmos': {'GCG': 1, 'GRASP': 0, 'GRASP_GCG': 0, 'Random_Key': 0}, 'num_execucoes': 1}
||||||||||||||||||||||||||||||||||||||||||||||||||||||||||||||||||||||||||||||||||||||||||||||||||||||||||||||||||||||||||||||||||||||||||||||||||||||||||||||||||||||||||||||||||||||||||||||


==============================================================================================================================================================================================
Dimensão: (553, 369)
Máximo: 50%
Tempo pré-processamento NFPs: 9.86s
==============================================================================================================================================================================================

----------------------------------------------------------------------------------------------------------------------------------------------------------------------------------------------
RESULTADOS GCG:
GCG: Tempo: 247.06s, Area: 49.96%, Peças: 17/17, Fecho: 67.0%, Box: 69.0%
Peças GCG: [[(93, -141), (89, -163), (-197, -167), (-200, -141)], [(-155, -136), (-148, -96), (-5, -94), (52, -112), (49, -136)], [(-160, -115), (-160, -136), (-193, -136), (-193, -120), (-188, -115)], [(81, 61), (83, -90), (-95, -89), (-133, -61), (-130, -44), (25, 53)], [(-199, -91), (-199, -73), (-196, -70), (-153, -70), (-150, -73), (-150, -91), (-153, -94), (-196, -94)], [(-199, -56), (-199, -25), (-195, -22), (-134, -23), (-131, -26), (-134, -46), (-152, -61), (-189, -65)], [(-83, 15), (-83, 0), (-107, -17), (-195, -17), (-192, 23), (-95, 26)], [(-198, 35), (-194, 76), (10, 69), (10, 48), (-48, 30), (-193, 30)], [(82, 66), (-64, 82), (-133, 150), (78, 192)], [(-198, 85), (-198, 95), (-168, 121), (-129, 124), (-119, 122), (-116, 96), (-120, 84), (-195, 81)], [(-123, 168), (-121, 183), (-116, 189), (-29, 190), (-25, 183), (-27, 176), (-116, 159)], [(-163, 191), (-152, 182), (-152, 144), (-171, 125), (-191, 125), (-195, 128), (-197, 146), (-194, 189), (-191, 192)], [(164, -169), (96, -169), (93, -166), (108, -97), (164, -100)], [(108, -92), (114, -7), (133, 19), (147, 19), (155, 9), (163, -87)], [(100, -3), (93, 3), (99, 74), (111, 78), (137, 74), (139, 65), (134, 29), (110, -4)], [(98, 164), (150, 161), (158, 128), (158, 84), (110, 82), (96, 128)], [(185, -169), (168, -165), (165, 121), (178, 126), (189, 121)]]
----------------------------------------------------------------------------------------------------------------------------------------------------------------------------------------------


==============================================================================================================================================================================================
Dimensão: (505, 336)
Máximo: 60%
Tempo pré-processamento NFPs: 9.86s
==============================================================================================================================================================================================

----------------------------------------------------------------------------------------------------------------------------------------------------------------------------------------------
RESULTADOS GCG:
GCG: Tempo: 227.0s, Area: 60.2%, Peças: 17/17, Fecho: 86.0%, Box: 95.0%
Peças GCG: [[(-200, -132), (-196, -115), (90, -111), (95, -124), (90, -136)], [(93, -84), (89, -106), (-197, -110), (-200, -84)], [(91, 71), (93, -80), (-85, -79), (-123, -51), (-120, -34), (35, 63)], [(-127, -45), (-127, -76), (-131, -79), (-192, -77), (-195, -74), (-192, -54), (-174, -39), (-137, -36)], [(-200, -29), (-200, -19), (-170, 7), (-131, 10), (-121, 8), (-118, -18), (-122, -30), (-197, -33)], [(-83, 36), (-85, 21), (-90, 15), (-177, 15), (-181, 22), (-179, 29), (-90, 45)], [(-173, 55), (-169, 96), (35, 89), (35, 68), (-23, 50), (-168, 50)], [(-178, 34), (-199, 34), (-199, 67), (-183, 67), (-178, 62)], [(-169, 101), (-162, 141), (-19, 143), (38, 125), (35, 101)], [(-196, 121), (-178, 121), (-175, 118), (-176, 75), (-179, 72), (-197, 72), (-199, 75), (-199, 118)], [(77, 163), (84, 156), (78, 85), (66, 81), (40, 85), (38, 94), (43, 131), (67, 163)], [(46, 143), (-39, 149), (-65, 168), (-65, 182), (-55, 190), (42, 198)], [(-180, 157), (-180, 172), (-156, 189), (-68, 189), (-72, 149), (-168, 146)], [(221, 79), (205, -67), (137, -136), (95, 75)], [(113, 116), (122, 127), (160, 127), (179, 108), (179, 88), (176, 84), (158, 82), (115, 85), (112, 88)], [(198, 196), (198, 128), (195, 125), (126, 140), (129, 196)], [(282, -136), (230, -133), (221, -100), (222, -56), (270, -54), (284, -100)]]
----------------------------------------------------------------------------------------------------------------------------------------------------------------------------------------------


==============================================================================================================================================================================================
Dimensão: (467, 312)
Máximo: 70%
Tempo pré-processamento NFPs: 9.86s
==============================================================================================================================================================================================

----------------------------------------------------------------------------------------------------------------------------------------------------------------------------------------------
RESULTADOS GCG:
GCG: Tempo: 215.39s, Area: 69.94%, Peças: 17/17, Fecho: 96.0%, Box: 99.0%
Peças GCG: [[(95, -90), (91, -107), (-195, -110), (-200, -97), (-195, -86)], [(95, -55), (91, -77), (-195, -81), (-198, -55)], [(93, 100), (95, -51), (-83, -50), (-121, -22), (-118, -5), (37, 92)], [(-125, -16), (-125, -47), (-129, -50), (-190, -48), (-193, -45), (-190, -25), (-172, -10), (-135, -7)], [(-109, 56), (-112, 4), (-145, -4), (-189, -4), (-191, 44), (-145, 58)], [(-197, 68), (-193, 109), (11, 102), (11, 81), (-47, 63), (-192, 63)], [(-193, 114), (-186, 154), (-43, 156), (14, 138), (11, 114)], [(18, 104), (18, 172), (21, 175), (90, 161), (87, 104)], [(-36, 182), (-38, 167), (-43, 161), (-130, 161), (-134, 168), (-132, 175), (-43, 191)], [(10, 150), (-8, 150), (-11, 153), (-10, 196), (-7, 199), (11, 199), (13, 196), (13, 153)], [(-193, 159), (-193, 180), (-160, 180), (-160, 164), (-166, 159)], [(95, -112), (111, 34), (179, 103), (221, -107)], [(131, 72), (124, 78), (130, 149), (142, 153), (168, 149), (170, 140), (165, 104), (141, 71)], [(177, 187), (187, 187), (213, 157), (216, 118), (214, 108), (188, 105), (176, 108), (173, 184)], [(232, 0), (247, 0), (264, -24), (264, -112), (224, -109), (221, -12)], [(203, 7), (209, 92), (228, 118), (242, 118), (250, 108), (258, 12)], [(231, 123), (220, 132), (220, 170), (239, 189), (259, 189), (263, 186), (264, 168), (262, 125), (259, 122)]]
----------------------------------------------------------------------------------------------------------------------------------------------------------------------------------------------


==============================================================================================================================================================================================
Dimensão: (437, 291)
Máximo: 80%
Tempo pré-processamento NFPs: 9.86s
==============================================================================================================================================================================================

----------------------------------------------------------------------------------------------------------------------------------------------------------------------------------------------
RESULTADOS GCG:
GCG: Tempo: 201.95s, Area: 67.68%, Peças: 13/17, Fecho: 87.0%, Box: 92.0%
Peças GCG: [[(-200, -87), (-196, -70), (90, -66), (95, -79), (90, -91)], [(93, -39), (89, -61), (-197, -65), (-200, -39)], [(91, 116), (93, -35), (-85, -34), (-123, -6), (-120, 11), (35, 108)], [(-127, -1), (-127, -32), (-131, -35), (-192, -33), (-195, -30), (-192, -10), (-174, 5), (-137, 8)], [(-200, 16), (-200, 26), (-170, 52), (-131, 55), (-121, 53), (-118, 27), (-122, 15), (-197, 12)], [(-83, 81), (-85, 66), (-90, 60), (-177, 60), (-181, 67), (-179, 74), (-90, 90)], [(-173, 100), (-169, 141), (35, 134), (35, 113), (-23, 95), (-168, 95)], [(-178, 79), (-199, 79), (-199, 112), (-183, 112), (-178, 107)], [(-169, 146), (-162, 186), (-19, 188), (38, 170), (35, 146)], [(74, 184), (85, 175), (85, 137), (66, 118), (46, 118), (42, 121), (40, 139), (43, 182), (46, 185)], [(-196, 166), (-178, 166), (-175, 163), (-176, 120), (-179, 117), (-197, 117), (-199, 120), (-199, 163)], [(221, 124), (205, -22), (137, -91), (95, 120)], [(221, 129), (136, 135), (110, 154), (110, 168), (120, 176), (217, 184)]]
----------------------------------------------------------------------------------------------------------------------------------------------------------------------------------------------


||||||||||||||||||||||||||||||||||||||||||||||||||||||||||||||||||||||||||||||||||||||||||||||||||||||||||||||||||||||||||||||||||||||||||||||||||||||||||||||||||||||||||||||||||||||||||||||
Instância: embraer_2338
Data e Hora: 04/02/2025 23:50
Margem: True
{'dimensoes': ['50', '60', '70', '80'], 'algoritmos': {'GCG': 1, 'GRASP': 0, 'GRASP_GCG': 0, 'Random_Key': 0}, 'num_execucoes': 1}
||||||||||||||||||||||||||||||||||||||||||||||||||||||||||||||||||||||||||||||||||||||||||||||||||||||||||||||||||||||||||||||||||||||||||||||||||||||||||||||||||||||||||||||||||||||||||||||


==============================================================================================================================================================================================
Dimensão: (672, 448)
Máximo: 50%
Tempo pré-processamento NFPs: 12.41s
==============================================================================================================================================================================================

----------------------------------------------------------------------------------------------------------------------------------------------------------------------------------------------
RESULTADOS GCG:
GCG: Tempo: 374.08s, Area: 50.1%, Peças: 19/19, Fecho: 67.0%, Box: 74.0%
Peças GCG: [[(191, -229), (12, -246), (-96, -241), (-188, -222), (-200, -176), (-185, -164), (190, -154)], [(-167, -143), (-164, -134), (7, -134), (3, -154), (-162, -155)], [(-178, -159), (-199, -159), (-199, -126), (-183, -126), (-178, -131)], [(-189, -102), (-15, -103), (-15, -119), (-19, -123), (-183, -121)], [(-189, -72), (-186, -68), (-139, -74), (-117, -84), (-117, -89), (-126, -94), (-189, -97)], [(188, -81), (-186, -63), (-184, -23), (-42, 12), (185, 0)], [(74, 20), (-160, 13), (-164, 134), (-51, 150), (58, 67)], [(-177, -16), (-192, -14), (-198, -9), (-198, 78), (-191, 82), (-184, 80), (-168, -9)], [(-185, 148), (-185, 158), (-155, 184), (-116, 187), (-106, 185), (-103, 159), (-107, 147), (-182, 144)], [(-17, 160), (-24, 153), (-95, 159), (-99, 171), (-95, 197), (-86, 199), (-50, 194), (-17, 170)], [(-19, 150), (-10, 161), (78, 154), (82, 139), (76, 87), (63, 83), (28, 97), (-19, 144)], [(136, 7), (98, 10), (81, 43), (81, 90), (101, 126), (134, 125), (155, 91), (155, 43)], [(100, -140), (15, -134), (-11, -115), (-11, -101), (-1, -93), (96, -85)], [(173, 123), (178, 121), (185, 14), (163, 6), (158, 13), (162, 123)], [(171, 165), (166, 154), (140, 131), (130, 130), (73, 162), (73, 168), (97, 195), (142, 195), (171, 172)], [(299, -126), (301, -246), (192, -246), (191, -125)], [(191, -120), (199, -48), (266, -48), (275, -51), (265, -120)], [(192, 25), (200, 28), (267, 25), (275, -41), (266, -44), (199, -44)], [(202, 143), (217, 143), (234, 119), (234, 31), (194, 34), (191, 131)]]
----------------------------------------------------------------------------------------------------------------------------------------------------------------------------------------------


==============================================================================================================================================================================================
Dimensão: (613, 409)
Máximo: 60%
Tempo pré-processamento NFPs: 12.41s
==============================================================================================================================================================================================

----------------------------------------------------------------------------------------------------------------------------------------------------------------------------------------------
RESULTADOS GCG:
GCG: Tempo: 349.31s, Area: 60.16%, Peças: 19/19, Fecho: 83.0%, Box: 93.0%
Peças GCG: [[(191, -190), (12, -207), (-96, -202), (-188, -183), (-200, -137), (-185, -125), (190, -115)], [(-167, -104), (-164, -95), (7, -95), (3, -115), (-162, -116)], [(-178, -120), (-199, -120), (-199, -87), (-183, -87), (-178, -92)], [(-189, -63), (-15, -64), (-15, -80), (-19, -84), (-183, -82)], [(-189, -33), (-186, -29), (-139, -35), (-117, -45), (-117, -50), (-126, -55), (-189, -58)], [(188, -42), (-186, -24), (-184, 16), (-42, 51), (185, 39)], [(74, 59), (-160, 52), (-164, 173), (-51, 189), (58, 106)], [(100, -101), (15, -95), (-11, -76), (-11, -62), (-1, -54), (96, -46)], [(-176, 161), (-171, 159), (-164, 52), (-186, 44), (-191, 51), (-187, 161)], [(79, 61), (77, 180), (186, 181), (187, 60)], [(104, -85), (104, -75), (134, -49), (173, -46), (183, -48), (186, -74), (182, -86), (107, -89)], [(-28, 188), (-21, 195), (50, 189), (54, 177), (49, 151), (40, 149), (4, 154), (-28, 178)], [(192, -177), (197, -166), (223, -143), (233, -143), (290, -175), (290, -181), (266, -208), (221, -207), (192, -184)], [(270, -40), (281, -49), (274, -137), (259, -141), (207, -135), (203, -122), (217, -87), (264, -40)], [(261, -36), (223, -33), (206, 0), (206, 47), (226, 83), (259, 82), (280, 48), (280, 0)], [(210, 198), (225, 198), (242, 174), (242, 86), (202, 89), (199, 186)], [(268, 84), (253, 86), (247, 91), (247, 178), (254, 182), (261, 180), (277, 91)], [(374, -206), (366, -209), (299, -206), (290, -140), (299, -137), (367, -137)], [(367, -132), (295, -124), (295, -57), (298, -48), (367, -57)]]
----------------------------------------------------------------------------------------------------------------------------------------------------------------------------------------------


==============================================================================================================================================================================================
Dimensão: (568, 378)
Máximo: 70%
Tempo pré-processamento NFPs: 12.41s
==============================================================================================================================================================================================

----------------------------------------------------------------------------------------------------------------------------------------------------------------------------------------------
RESULTADOS GCG:
GCG: Tempo: 309.62s, Area: 65.21%, Peças: 17/19, Fecho: 87.0%, Box: 92.0%
Peças GCG: [[(191, -159), (12, -176), (-96, -171), (-188, -152), (-200, -106), (-185, -94), (190, -84)], [(-167, -73), (-164, -64), (7, -64), (3, -84), (-162, -85)], [(-178, -89), (-199, -89), (-199, -56), (-183, -56), (-178, -61)], [(-189, -32), (-15, -33), (-15, -49), (-19, -53), (-183, -51)], [(-189, -2), (-186, 2), (-139, -4), (-117, -14), (-117, -19), (-126, -24), (-189, -27)], [(188, -11), (-186, 7), (-184, 47), (-42, 82), (185, 70)], [(-139, 78), (-137, 93), (-132, 99), (-45, 100), (-41, 93), (-43, 86), (-132, 69)], [(-186, 55), (-193, 61), (-187, 132), (-175, 136), (-149, 132), (-147, 123), (-152, 87), (-176, 54)], [(-35, 194), (85, 196), (85, 87), (-36, 86)], [(-40, 178), (-43, 140), (-76, 123), (-123, 124), (-159, 143), (-158, 176), (-124, 197), (-76, 197)], [(100, -70), (15, -64), (-11, -45), (-11, -31), (-1, -23), (96, -15)], [(190, 86), (181, 75), (93, 82), (89, 97), (94, 149), (107, 153), (143, 139), (190, 92)], [(104, -54), (104, -44), (134, -18), (173, -15), (183, -17), (186, -43), (182, -55), (107, -58)], [(321, 60), (328, -174), (207, -177), (191, -65), (274, 44)], [(227, 92), (238, 87), (261, 61), (261, 51), (229, -6), (223, -6), (196, 18), (196, 63), (220, 92)], [(208, 107), (208, 122), (232, 139), (320, 139), (316, 99), (220, 96)], [(210, 159), (212, 164), (319, 171), (327, 149), (320, 144), (210, 148)]]
----------------------------------------------------------------------------------------------------------------------------------------------------------------------------------------------


==============================================================================================================================================================================================
Dimensão: (531, 354)
Máximo: 80%
Tempo pré-processamento NFPs: 12.41s
==============================================================================================================================================================================================

----------------------------------------------------------------------------------------------------------------------------------------------------------------------------------------------
RESULTADOS GCG:
GCG: Tempo: 293.6s, Area: 65.65%, Peças: 18/19, Fecho: 91.0%, Box: 96.0%
Peças GCG: [[(-200, -80), (-21, -62), (87, -67), (179, -86), (191, -132), (176, -144), (-199, -154)], [(-174, -44), (-171, -40), (-124, -46), (-102, -56), (-102, -61), (-111, -66), (-174, -69)], [(-179, -72), (-200, -72), (-200, -39), (-184, -39), (-179, -44)], [(-189, -15), (-15, -16), (-15, -32), (-19, -36), (-183, -34)], [(43, -3), (-191, -10), (-195, 111), (-82, 127), (27, 44)], [(-108, 158), (-108, 148), (-138, 122), (-177, 119), (-187, 121), (-190, 147), (-187, 159), (-111, 162)], [(-195, 173), (-193, 188), (-188, 194), (-101, 195), (-97, 188), (-99, 181), (-188, 164)], [(-21, 133), (-28, 126), (-99, 132), (-103, 144), (-99, 170), (-90, 172), (-54, 167), (-21, 143)], [(-37, 106), (-32, 117), (-6, 140), (4, 140), (61, 108), (61, 102), (37, 75), (-8, 76), (-37, 99)], [(49, 47), (169, 49), (169, -60), (48, -61)], [(60, 54), (68, 126), (135, 126), (144, 123), (134, 54)], [(66, 141), (-19, 147), (-45, 166), (-45, 180), (-35, 188), (62, 196)], [(182, 163), (182, 148), (158, 131), (70, 131), (73, 171), (170, 174)], [(293, -143), (284, -154), (196, -147), (192, -132), (197, -80), (210, -76), (246, -90), (293, -137)], [(228, 39), (266, 36), (283, 3), (282, -44), (263, -80), (230, -79), (209, -45), (209, 3)], [(260, 123), (263, 115), (260, 48), (194, 40), (191, 49), (191, 116)], [(281, 155), (286, 153), (293, 46), (271, 38), (266, 45), (270, 155)], [(306, 20), (315, 17), (315, -154), (295, -150), (294, 15)]]
----------------------------------------------------------------------------------------------------------------------------------------------------------------------------------------------


||||||||||||||||||||||||||||||||||||||||||||||||||||||||||||||||||||||||||||||||||||||||||||||||||||||||||||||||||||||||||||||||||||||||||||||||||||||||||||||||||||||||||||||||||||||||||||||
Instância: embraer_610
Data e Hora: 04/02/2025 23:50
Margem: True
{'dimensoes': ['50', '60', '70', '80'], 'algoritmos': {'GCG': 1, 'GRASP': 0, 'GRASP_GCG': 0, 'Random_Key': 0}, 'num_execucoes': 1}
||||||||||||||||||||||||||||||||||||||||||||||||||||||||||||||||||||||||||||||||||||||||||||||||||||||||||||||||||||||||||||||||||||||||||||||||||||||||||||||||||||||||||||||||||||||||||||||


==============================================================================================================================================================================================
Dimensão: (505, 336)
Máximo: 50%
Tempo pré-processamento NFPs: 333.56s
==============================================================================================================================================================================================

----------------------------------------------------------------------------------------------------------------------------------------------------------------------------------------------
RESULTADOS GCG:
GCG: Tempo: 695.69s, Area: 50.23%, Peças: 15/15, Fecho: 86.0%, Box: 96.0%
Peças GCG: [[(-8, -121), (-15, -122), (-16, -136), (-23, -136), (-24, -128), (-111, -126), (-199, -130), (-199, -115), (-191, -115), (-191, -104), (-177, -104), (-177, -110), (-8, -107)], [(-185, -11), (-167, -11), (-167, -16), (-66, -20), (-72, -102), (-90, -103), (-90, -95), (-192, -92), (-192, -75), (-185, -75)], [(-82, -11), (-94, -13), (-113, 10), (-126, 6), (-130, -9), (-166, -6), (-166, 4), (-176, 9), (-199, 8), (-194, 85), (-170, 82), (-160, 96), (-118, 84), (-112, 61), (-88, 54)], [(-200, -70), (-200, -61), (-195, -61), (-191, -66), (-191, -70)], [(-195, 106), (-177, 108), (-174, 127), (-158, 125), (-157, 121), (-133, 120), (-126, 123), (-119, 120), (-120, 103), (-143, 106), (-171, 96), (-175, 90), (-191, 91)], [(-103, 171), (-103, 158), (-108, 157), (-104, 144), (-109, 137), (-125, 136), (-130, 131), (-142, 138), (-175, 132), (-200, 144), (-200, 155), (-194, 155), (-193, 161), (-175, 165), (-175, 188), (-155, 186), (-124, 195), (-117, 192), (-116, 173)], [(-16, 174), (-16, 162), (-22, 162), (-22, 54), (-104, 62), (-104, 74), (-97, 74), (-98, 181), (-86, 181), (-85, 174)], [(-20, -101), (-35, -102), (-35, -87), (-65, -86), (-65, -72), (-50, -73), (-50, -8), (-60, -1), (-50, 4), (-50, 12), (-35, 12), (-36, -3), (-24, 4), (-12, -3), (-12, -17), (-26, -16), (-21, -82), (-11, -84)], [(-9, -101), (7, -80), (18, -80), (19, -94), (183, -90), (198, -98), (198, -112), (183, -113), (192, -119), (183, -135), (169, -135), (168, -119), (124, -118), (112, -128), (99, -103), (66, -107), (72, -118), (60, -130), (45, -130), (46, -115), (10, -113), (3, -122)], [(-2, 2), (15, 2), (16, -3), (119, -8), (119, -25), (114, -25), (117, -87), (100, -88), (100, -79), (-9, -75), (-9, -57), (-2, -57)], [(98, 2), (84, 2), (84, 8), (-1, 7), (-1, 23), (6, 23), (7, 100), (21, 100), (22, 92), (75, 90), (94, 63), (106, 62), (106, 51), (99, 51)], [(9, 172), (21, 172), (22, 165), (90, 164), (90, 153), (85, 152), (87, 95), (75, 95), (75, 103), (13, 106)], [(114, 138), (133, 138), (134, 132), (146, 134), (157, 122), (176, 122), (176, 110), (170, 110), (169, 68), (154, 67), (150, 60), (143, 15), (112, 21), (113, 63), (101, 80), (88, 80), (88, 91), (93, 92), (94, 128), (113, 127)], [(290, -35), (290, -47), (284, -48), (280, -136), (199, -124), (199, -113), (206, -113), (209, -26), (221, -26), (221, -34)], [(231, 157), (237, 147), (237, -21), (205, -20), (205, -8), (212, -8), (210, 156)]]
----------------------------------------------------------------------------------------------------------------------------------------------------------------------------------------------


==============================================================================================================================================================================================
Dimensão: (461, 307)
Máximo: 60%
Tempo pré-processamento NFPs: 333.56s
==============================================================================================================================================================================================

----------------------------------------------------------------------------------------------------------------------------------------------------------------------------------------------
RESULTADOS GCG:
GCG: Tempo: 676.99s, Area: 53.8%, Peças: 14/15, Fecho: 94.0%, Box: 98.0%
Peças GCG: [[(-199, -80), (-189, -74), (-21, -74), (-22, -106), (-34, -105), (-34, -98), (-198, -101)], [(-201, -64), (-192, -64), (-192, -69), (-197, -73), (-201, -73)], [(-191, 20), (-174, 20), (-173, 15), (-70, 10), (-70, -7), (-75, -7), (-72, -69), (-89, -70), (-89, -61), (-198, -57), (-198, -39), (-191, -39)], [(-72, 18), (-84, 16), (-103, 39), (-116, 35), (-120, 20), (-156, 23), (-156, 33), (-166, 38), (-189, 37), (-184, 114), (-160, 111), (-150, 125), (-108, 113), (-102, 90), (-78, 83)], [(-112, 122), (-124, 122), (-125, 129), (-193, 130), (-193, 141), (-188, 142), (-191, 199), (-179, 199), (-179, 191), (-116, 188)], [(-86, 97), (-88, 115), (-107, 118), (-105, 134), (-101, 135), (-99, 159), (-102, 166), (-99, 173), (-82, 172), (-85, 149), (-75, 121), (-69, 117), (-71, 101)], [(-51, 157), (-50, 150), (-36, 149), (-36, 142), (-44, 142), (-46, 54), (-42, -34), (-57, -34), (-57, -26), (-68, -26), (-68, -12), (-62, -12), (-65, 157)], [(-22, -72), (-6, -51), (5, -51), (6, -65), (170, -61), (185, -69), (185, -83), (170, -84), (179, -90), (170, -106), (156, -106), (155, -90), (111, -89), (99, -99), (86, -74), (53, -78), (59, -89), (47, -101), (32, -101), (33, -86), (-3, -84), (-10, -93)], [(12, 34), (30, 34), (30, 29), (131, 25), (125, -57), (107, -58), (107, -50), (5, -47), (5, -30), (12, -30)], [(86, 34), (72, 34), (72, 40), (-13, 39), (-13, 55), (-6, 55), (-5, 132), (9, 132), (10, 124), (63, 122), (82, 95), (94, 94), (94, 83), (87, 83)], [(90, 32), (90, 44), (96, 45), (100, 133), (181, 121), (181, 110), (174, 110), (170, 23), (158, 23), (158, 31)], [(-7, 159), (-7, 172), (-2, 173), (-6, 186), (-1, 193), (15, 194), (20, 199), (32, 192), (65, 198), (90, 186), (90, 175), (84, 175), (83, 169), (65, 165), (64, 142), (44, 144), (14, 135), (7, 138), (6, 157)], [(195, 7), (210, 7), (210, -7), (240, -9), (240, -23), (225, -21), (225, -87), (235, -94), (225, -99), (225, -107), (210, -107), (211, -92), (199, -99), (187, -92), (187, -78), (201, -79), (196, -12), (186, -10)], [(188, 197), (207, 197), (208, 191), (220, 193), (231, 181), (250, 181), (250, 169), (244, 169), (243, 127), (228, 126), (224, 119), (217, 74), (186, 80), (187, 122), (175, 139), (162, 139), (162, 150), (167, 151), (168, 187), (187, 186)]]
----------------------------------------------------------------------------------------------------------------------------------------------------------------------------------------------


==============================================================================================================================================================================================
Dimensão: (426, 284)
Máximo: 70%
Tempo pré-processamento NFPs: 333.56s
==============================================================================================================================================================================================

----------------------------------------------------------------------------------------------------------------------------------------------------------------------------------------------
RESULTADOS GCG:
GCG: Tempo: 797.03s, Area: 61.17%, Peças: 13/15, Fecho: 95.0%, Box: 99.0%
Peças GCG: [[(-192, 6), (-175, 6), (-174, 1), (-71, -4), (-71, -21), (-76, -21), (-73, -83), (-90, -84), (-90, -75), (-199, -71), (-199, -53), (-192, -53)], [(-78, 3), (-96, 3), (-96, 9), (-197, 12), (-191, 94), (-173, 95), (-173, 87), (-71, 85), (-71, 68), (-78, 68)], [(-72, 92), (-84, 90), (-103, 113), (-116, 109), (-120, 94), (-156, 97), (-156, 107), (-166, 112), (-189, 111), (-184, 188), (-160, 185), (-150, 199), (-108, 187), (-102, 164), (-78, 157)], [(-200, 101), (-200, 110), (-195, 110), (-191, 105), (-191, 101)], [(136, -62), (120, -84), (109, -84), (108, -69), (-56, -73), (-71, -66), (-71, -52), (-56, -51), (-65, -45), (-56, -29), (-42, -29), (-41, -44), (3, -45), (15, -35), (28, -60), (61, -56), (55, -45), (67, -33), (82, -33), (81, -48), (117, -50), (124, -41)], [(-70, -4), (-60, 2), (108, 2), (107, -30), (95, -29), (95, -22), (-69, -25)], [(32, 7), (18, 7), (18, 13), (-67, 12), (-67, 28), (-60, 28), (-59, 105), (-45, 105), (-44, 97), (9, 95), (28, 68), (40, 67), (40, 56), (33, 56)], [(35, 102), (23, 102), (22, 109), (-46, 110), (-46, 121), (-41, 122), (-44, 179), (-32, 179), (-32, 171), (31, 168)], [(60, 130), (79, 130), (80, 124), (92, 126), (103, 114), (122, 114), (122, 102), (116, 102), (115, 60), (100, 59), (96, 52), (89, 7), (58, 13), (59, 55), (47, 72), (34, 72), (34, 83), (39, 84), (40, 120), (59, 119)], [(134, 174), (134, 161), (129, 160), (133, 147), (128, 140), (112, 139), (107, 134), (95, 141), (62, 135), (37, 147), (37, 158), (43, 158), (44, 164), (62, 168), (62, 191), (82, 189), (113, 198), (120, 195), (121, 176)], [(224, 36), (224, 24), (218, 24), (218, -84), (136, -76), (136, -64), (143, -64), (142, 43), (154, 43), (155, 36)], [(217, 63), (199, 62), (196, 42), (180, 45), (179, 49), (155, 50), (148, 47), (141, 50), (142, 67), (165, 64), (193, 74), (197, 80), (213, 78)], [(189, 78), (174, 77), (174, 92), (144, 93), (144, 107), (159, 106), (159, 171), (149, 178), (159, 183), (159, 191), (174, 191), (173, 176), (185, 183), (197, 176), (197, 162), (183, 163), (188, 97), (198, 95)]]
----------------------------------------------------------------------------------------------------------------------------------------------------------------------------------------------


==============================================================================================================================================================================================
Dimensão: (399, 266)
Máximo: 80%
Tempo pré-processamento NFPs: 333.56s
==============================================================================================================================================================================================

----------------------------------------------------------------------------------------------------------------------------------------------------------------------------------------------
RESULTADOS GCG:
GCG: Tempo: 605.94s, Area: 58.53%, Peças: 12/15, Fecho: 91.0%, Box: 99.0%
Peças GCG: [[(7, -44), (-9, -66), (-20, -66), (-21, -51), (-185, -55), (-200, -48), (-200, -34), (-185, -33), (-194, -27), (-185, -11), (-171, -11), (-170, -26), (-126, -27), (-114, -17), (-101, -42), (-68, -38), (-74, -27), (-62, -15), (-47, -15), (-48, -30), (-12, -32), (-5, -23)], [(-190, 71), (-173, 71), (-172, 66), (-69, 61), (-69, 44), (-74, 44), (-71, -18), (-88, -19), (-88, -10), (-197, -6), (-197, 12), (-190, 12)], [(-71, 69), (-83, 67), (-102, 90), (-115, 86), (-119, 71), (-155, 74), (-155, 84), (-165, 89), (-188, 88), (-183, 165), (-159, 162), (-149, 176), (-107, 164), (-101, 141), (-77, 134)], [(-58, -11), (-64, -1), (-64, 167), (-32, 166), (-33, 154), (-40, 154), (-37, -10)], [(-17, -17), (-18, -9), (-32, -9), (-32, -2), (-24, -1), (-22, 86), (-26, 174), (-11, 174), (-11, 166), (0, 166), (0, 152), (-6, 152), (-3, -17)], [(-105, 178), (-87, 180), (-84, 199), (-68, 197), (-67, 193), (-43, 192), (-36, 195), (-29, 192), (-30, 175), (-53, 178), (-81, 168), (-85, 162), (-101, 163)], [(-200, 76), (-200, 85), (-195, 85), (-191, 80), (-191, 76)], [(14, 26), (32, 26), (32, 21), (133, 17), (127, -65), (109, -66), (109, -58), (7, -55), (7, -38), (14, -38)], [(113, 26), (99, 26), (99, 32), (14, 31), (14, 47), (21, 47), (22, 124), (36, 124), (37, 116), (90, 114), (109, 87), (121, 86), (121, 75), (114, 75)], [(117, 121), (105, 121), (104, 128), (36, 129), (36, 140), (41, 141), (38, 198), (50, 198), (50, 190), (113, 187)], [(157, 31), (170, 31), (171, 26), (184, 30), (191, 25), (192, 9), (197, 4), (190, -8), (196, -41), (184, -66), (173, -66), (173, -60), (167, -59), (163, -41), (140, -40), (142, -20), (133, 10), (136, 17), (155, 18)], [(179, 37), (164, 36), (164, 51), (134, 52), (134, 66), (149, 65), (149, 130), (139, 137), (149, 142), (149, 150), (164, 150), (163, 135), (175, 142), (187, 135), (187, 121), (173, 122), (178, 56), (188, 54)]]
----------------------------------------------------------------------------------------------------------------------------------------------------------------------------------------------


||||||||||||||||||||||||||||||||||||||||||||||||||||||||||||||||||||||||||||||||||||||||||||||||||||||||||||||||||||||||||||||||||||||||||||||||||||||||||||||||||||||||||||||||||||||||||||||
Instância: embraer_55
Data e Hora: 04/02/2025 23:50
Margem: True
{'dimensoes': ['50', '60', '70', '80'], 'algoritmos': {'GCG': 1, 'GRASP': 0, 'GRASP_GCG': 0, 'Random_Key': 0}, 'num_execucoes': 1}
||||||||||||||||||||||||||||||||||||||||||||||||||||||||||||||||||||||||||||||||||||||||||||||||||||||||||||||||||||||||||||||||||||||||||||||||||||||||||||||||||||||||||||||||||||||||||||||


==============================================================================================================================================================================================
Dimensão: (522, 348)
Máximo: 50%
Tempo pré-processamento NFPs: 277.17s
==============================================================================================================================================================================================

----------------------------------------------------------------------------------------------------------------------------------------------------------------------------------------------
RESULTADOS GCG:
GCG: Tempo: 1049.32s, Area: 50.08%, Peças: 19/19, Fecho: 75.0%, Box: 89.0%
Peças GCG: [[(183, -69), (168, -83), (170, -138), (-60, -146), (-200, -110), (-193, -68), (-178, -83)], [(-21, -68), (-30, -72), (-39, -68), (-192, -63), (-192, -52), (-21, -57)], [(181, 10), (173, -64), (-194, -38), (-186, -3), (8, 26)], [(-188, 10), (-187, 15), (-179, 17), (-179, 31), (-171, 31), (-171, 25), (-114, 24), (-95, 28), (-89, 23), (-90, 15), (-133, 18), (-176, 8)], [(-179, 47), (-5, 43), (-5, 35), (-14, 32), (-70, 37), (-179, 36)], [(-134, 69), (-127, 71), (-127, 75), (-117, 75), (-117, 69), (-84, 68), (-84, 57), (-92, 50), (-101, 51), (-102, 58), (-123, 58), (-124, 56), (-134, 58)], [(-193, 82), (-182, 84), (-181, 76), (-141, 82), (-139, 67), (-142, 54), (-153, 52), (-153, 58), (-192, 52), (-193, 64), (-190, 64), (-190, 69), (-194, 72)], [(-130, 91), (-142, 87), (-166, 98), (-195, 96), (-196, 107), (-189, 111), (-187, 117), (-176, 116), (-176, 110), (-127, 104)], [(-123, 118), (-136, 110), (-191, 128), (-188, 164), (-175, 163), (-174, 156), (-147, 153), (-123, 122)], [(-117, 151), (-105, 151), (-104, 144), (-55, 136), (-56, 124), (-59, 124), (-60, 67), (-72, 67), (-73, 76), (-124, 81), (-123, 92), (-118, 92)], [(-57, 49), (-57, 61), (-51, 61), (-54, 115), (-42, 115), (-27, 107), (15, 107), (11, 88), (15, 42), (3, 42), (3, 49)], [(-154, 196), (-143, 196), (-142, 190), (-118, 186), (-124, 147), (-136, 147), (-136, 156), (-164, 160), (-164, 171), (-157, 171)], [(-115, 173), (-110, 173), (-108, 191), (-103, 194), (-70, 193), (-54, 177), (-52, 163), (-70, 155), (-107, 156), (-110, 164), (-115, 165)], [(-49, 127), (-52, 155), (-46, 163), (-10, 162), (-10, 160), (5, 158), (8, 154), (13, 153), (12, 143), (8, 143), (5, 137), (2, 137), (-8, 126), (-45, 125)], [(25, 182), (35, 182), (47, 156), (55, 155), (47, 70), (30, 69), (30, 79), (15, 80), (16, 96), (22, 96), (22, 163), (16, 171)], [(122, 19), (45, 27), (30, 43), (18, 45), (18, 55), (29, 64), (47, 58), (114, 60), (115, 66), (120, 66), (125, 56), (125, 45), (121, 45)], [(55, 166), (66, 167), (66, 155), (87, 137), (91, 91), (77, 90), (77, 97), (57, 95), (56, 111), (65, 111), (66, 146)], [(204, 60), (227, 53), (227, 44), (220, 44), (223, -148), (189, -142), (190, -106), (183, -92), (184, -1)], [(264, -148), (225, -146), (225, -137), (232, -137), (237, 55), (256, 48), (271, -5)]]
----------------------------------------------------------------------------------------------------------------------------------------------------------------------------------------------


==============================================================================================================================================================================================
Dimensão: (477, 318)
Máximo: 60%
Tempo pré-processamento NFPs: 277.17s
==============================================================================================================================================================================================

----------------------------------------------------------------------------------------------------------------------------------------------------------------------------------------------
RESULTADOS GCG:
GCG: Tempo: 1032.03s, Area: 59.99%, Peças: 19/19, Fecho: 88.0%, Box: 97.0%
Peças GCG: [[(183, -39), (168, -53), (170, -108), (-60, -116), (-200, -80), (-193, -38), (-178, -53)], [(-21, -38), (-30, -42), (-39, -38), (-192, -33), (-192, -22), (-21, -27)], [(181, 40), (173, -34), (-194, -8), (-186, 27), (8, 56)], [(-188, 40), (-187, 45), (-179, 47), (-179, 61), (-171, 61), (-171, 55), (-114, 54), (-95, 58), (-89, 53), (-90, 45), (-133, 48), (-176, 38)], [(-179, 77), (-5, 73), (-5, 65), (-14, 62), (-70, 67), (-179, 66)], [(-134, 99), (-127, 101), (-127, 105), (-117, 105), (-117, 99), (-84, 98), (-84, 87), (-92, 80), (-101, 81), (-102, 88), (-123, 88), (-124, 86), (-134, 88)], [(-193, 112), (-182, 114), (-181, 106), (-141, 112), (-139, 97), (-142, 84), (-153, 82), (-153, 88), (-192, 82), (-193, 94), (-190, 94), (-190, 99), (-194, 102)], [(-130, 121), (-142, 117), (-166, 128), (-195, 126), (-196, 137), (-189, 141), (-187, 147), (-176, 146), (-176, 140), (-127, 134)], [(-118, 181), (-106, 181), (-105, 174), (-56, 166), (-57, 154), (-60, 154), (-61, 97), (-73, 97), (-74, 106), (-125, 111), (-124, 122), (-119, 122)], [(-53, 126), (24, 118), (39, 102), (51, 100), (51, 90), (39, 81), (21, 87), (-45, 85), (-46, 79), (-51, 79), (-56, 89), (-56, 100), (-52, 100)], [(-191, 185), (-178, 193), (-123, 175), (-127, 139), (-140, 140), (-141, 147), (-167, 150), (-191, 181)], [(-7, 163), (-7, 152), (-13, 151), (-17, 127), (-56, 133), (-56, 145), (-47, 145), (-44, 173), (-32, 173), (-32, 166)], [(58, 168), (68, 168), (80, 142), (88, 141), (80, 56), (63, 55), (63, 65), (48, 66), (49, 82), (55, 82), (55, 149), (49, 157)], [(88, 54), (88, 66), (94, 66), (91, 120), (103, 120), (118, 112), (160, 112), (156, 93), (160, 47), (148, 47), (148, 54)], [(19, 124), (19, 129), (1, 131), (-2, 136), (-1, 169), (15, 185), (29, 187), (36, 169), (36, 132), (28, 129), (27, 124)], [(129, 128), (100, 125), (92, 131), (93, 167), (95, 167), (98, 182), (102, 185), (103, 190), (113, 189), (113, 185), (119, 182), (119, 179), (130, 169), (131, 132)], [(135, 193), (146, 194), (146, 182), (167, 164), (171, 118), (157, 117), (157, 124), (137, 122), (136, 138), (145, 138), (146, 173)], [(204, 90), (227, 83), (227, 74), (220, 74), (223, -118), (189, -112), (190, -76), (183, -62), (184, 29)], [(264, -118), (225, -116), (225, -107), (232, -107), (237, 85), (256, 78), (271, 25)]]
----------------------------------------------------------------------------------------------------------------------------------------------------------------------------------------------


==============================================================================================================================================================================================
Dimensão: (441, 294)
Máximo: 70%
Tempo pré-processamento NFPs: 277.17s
==============================================================================================================================================================================================

----------------------------------------------------------------------------------------------------------------------------------------------------------------------------------------------
RESULTADOS GCG:
GCG: Tempo: 991.53s, Area: 64.98%, Peças: 16/19, Fecho: 90.0%, Box: 96.0%
Peças GCG: [[(183, -15), (168, -29), (170, -84), (-60, -92), (-200, -56), (-193, -14), (-178, -29)], [(-21, -14), (-30, -18), (-39, -14), (-192, -9), (-192, 2), (-21, -3)], [(181, 64), (173, -10), (-194, 16), (-186, 51), (8, 80)], [(-188, 64), (-187, 69), (-179, 71), (-179, 85), (-171, 85), (-171, 79), (-114, 78), (-95, 82), (-89, 77), (-90, 69), (-133, 72), (-176, 62)], [(-179, 101), (-5, 97), (-5, 89), (-14, 86), (-70, 91), (-179, 90)], [(-134, 123), (-127, 125), (-127, 129), (-117, 129), (-117, 123), (-84, 122), (-84, 111), (-92, 104), (-101, 105), (-102, 112), (-123, 112), (-124, 110), (-134, 112)], [(-193, 136), (-182, 138), (-181, 130), (-141, 136), (-139, 121), (-142, 108), (-153, 106), (-153, 112), (-192, 106), (-193, 118), (-190, 118), (-190, 123), (-194, 126)], [(-130, 145), (-142, 141), (-166, 152), (-195, 150), (-196, 161), (-189, 165), (-187, 171), (-176, 170), (-176, 164), (-127, 158)], [(-89, 128), (-100, 128), (-101, 135), (-125, 138), (-119, 177), (-107, 177), (-107, 168), (-79, 165), (-79, 154), (-86, 154)], [(-75, 151), (2, 143), (17, 127), (29, 125), (29, 115), (17, 106), (-1, 112), (-67, 110), (-68, 104), (-73, 104), (-78, 114), (-78, 125), (-74, 125)], [(33, 154), (45, 154), (45, 148), (99, 151), (99, 139), (91, 124), (91, 82), (72, 86), (26, 82), (26, 94), (33, 94)], [(180, 132), (180, 120), (173, 119), (165, 70), (153, 71), (153, 74), (96, 75), (96, 87), (105, 88), (109, 139), (121, 138), (121, 133)], [(134, 177), (127, 154), (118, 154), (118, 161), (-74, 157), (-68, 191), (-32, 190), (-18, 197), (73, 197)], [(222, -94), (183, -92), (183, -83), (190, -83), (195, 109), (214, 102), (229, 49)], [(206, 109), (206, 114), (188, 116), (185, 121), (186, 154), (202, 170), (216, 172), (223, 154), (223, 117), (215, 114), (214, 109)], [(140, 159), (137, 187), (143, 195), (179, 194), (179, 192), (194, 190), (197, 186), (202, 185), (201, 175), (197, 175), (194, 169), (191, 169), (181, 158), (144, 157)]]
----------------------------------------------------------------------------------------------------------------------------------------------------------------------------------------------


==============================================================================================================================================================================================
Dimensão: (413, 275)
Máximo: 80%
Tempo pré-processamento NFPs: 277.17s
==============================================================================================================================================================================================

----------------------------------------------------------------------------------------------------------------------------------------------------------------------------------------------
RESULTADOS GCG:
GCG: Tempo: 903.63s, Area: 59.12%, Peças: 14/19, Fecho: 86.0%, Box: 93.0%
Peças GCG: [[(183, 3), (168, -11), (170, -66), (-60, -74), (-200, -38), (-193, 4), (-178, -11)], [(-21, 4), (-30, 0), (-39, 4), (-192, 9), (-192, 20), (-21, 15)], [(181, 82), (173, 8), (-194, 34), (-186, 69), (8, 98)], [(-188, 83), (-187, 88), (-179, 90), (-179, 104), (-171, 104), (-171, 98), (-114, 97), (-95, 101), (-89, 96), (-90, 88), (-133, 91), (-176, 81)], [(-179, 120), (-5, 116), (-5, 108), (-14, 105), (-70, 110), (-179, 109)], [(-134, 142), (-127, 144), (-127, 148), (-117, 148), (-117, 142), (-84, 141), (-84, 130), (-92, 123), (-101, 124), (-102, 131), (-123, 131), (-124, 129), (-134, 131)], [(-193, 155), (-182, 157), (-181, 149), (-141, 155), (-139, 140), (-142, 127), (-153, 125), (-153, 131), (-192, 125), (-193, 137), (-190, 137), (-190, 142), (-194, 145)], [(-130, 164), (-142, 160), (-166, 171), (-195, 169), (-196, 180), (-189, 184), (-187, 190), (-176, 189), (-176, 183), (-127, 177)], [(-123, 184), (-110, 192), (-55, 174), (-59, 138), (-72, 139), (-73, 146), (-99, 149), (-123, 180)], [(-55, 139), (-50, 139), (-48, 157), (-43, 160), (-10, 159), (6, 143), (8, 129), (-10, 121), (-47, 122), (-50, 130), (-55, 131)], [(87, 160), (87, 148), (80, 147), (72, 98), (60, 99), (60, 102), (3, 103), (3, 115), (12, 116), (16, 167), (28, 166), (28, 161)], [(85, 97), (82, 125), (88, 133), (124, 132), (124, 130), (139, 128), (142, 124), (147, 123), (146, 113), (142, 113), (139, 107), (136, 107), (126, 96), (89, 95)], [(141, 172), (141, 161), (135, 160), (131, 136), (92, 142), (92, 154), (101, 154), (104, 182), (116, 182), (116, 175)], [(143, 200), (154, 201), (154, 189), (175, 171), (179, 125), (165, 124), (165, 131), (145, 129), (144, 145), (153, 145), (154, 180)]]
----------------------------------------------------------------------------------------------------------------------------------------------------------------------------------------------

