==============================================================================================================================================================================================
RESULTADOS GERAIS: 04/02/2025 11:31
==============================================================================================================================================================================================


||||||||||||||||||||||||||||||||||||||||||||||||||||||||||||||||||||||||||||||||||||||||||||||||||||||||||||||||||||||||||||||||||||||||||||||||||||||||||||||||||||||||||||||||||||||||||||||
Instância: embraer_3274
Data e Hora: 04/02/2025 11:31
Margem: True
{'dimensoes': ['70', '80'], 'algoritmos': {'GCG': 1, 'GRASP': 0, 'GRASP_GCG': 0, 'Random_Key': 0}, 'num_execucoes': 1}
||||||||||||||||||||||||||||||||||||||||||||||||||||||||||||||||||||||||||||||||||||||||||||||||||||||||||||||||||||||||||||||||||||||||||||||||||||||||||||||||||||||||||||||||||||||||||||||


==============================================================================================================================================================================================
Dimensão: (461, 307)
Máximo: 70%
Tempo pré-processamento NFPs: 10.68s
==============================================================================================================================================================================================

----------------------------------------------------------------------------------------------------------------------------------------------------------------------------------------------
RESULTADOS GCG:
GCG: Tempo: 575.28s, Area: 47.28%, Peças: 15/16, Fecho: 66.0%, Box: 69.0%
Peças GCG: [[(-172, -107), (-194, -103), (-198, 183), (-172, 186)], [(-150, -107), (-167, -103), (-170, 183), (-157, 188), (-146, 183)], [(-91, 4), (-97, -81), (-116, -107), (-130, -107), (-138, -97), (-146, 0)], [(-111, 73), (-100, 64), (-100, 26), (-119, 7), (-139, 7), (-143, 10), (-145, 28), (-142, 71), (-139, 74)], [(-108, 79), (-139, 79), (-142, 83), (-140, 144), (-137, 147), (-117, 144), (-102, 126), (-99, 89)], [(-136, 197), (-92, 194), (-92, 155), (-95, 147), (-136, 152), (-140, 155)], [(-21, 20), (0, -13), (-8, -107), (-91, -61), (-86, -36), (-67, -4)], [(-75, -1), (-88, 21), (-90, 117), (-86, 124), (-3, 80), (-4, 65), (-23, 25)], [(-12, 115), (-15, 111), (-62, 118), (-84, 128), (-84, 133), (-75, 138), (-12, 140)], [(-5, 152), (-12, 145), (-83, 151), (-87, 163), (-83, 189), (-74, 191), (-38, 186), (-5, 162)], [(0, -22), (96, -17), (120, -31), (122, -40), (96, -85), (58, -105), (46, -106), (0, -34)], [(18, -12), (18, -2), (48, 24), (87, 27), (97, 25), (100, -1), (96, -13), (21, -16)], [(8, 9), (6, 111), (15, 128), (25, 131), (65, 109), (89, 68), (91, 57), (84, 48)], [(47, 141), (23, 135), (15, 137), (6, 182), (7, 189), (31, 198), (41, 196), (48, 150)], [(54, 195), (106, 192), (114, 159), (114, 115), (66, 113), (52, 159)]]
----------------------------------------------------------------------------------------------------------------------------------------------------------------------------------------------


==============================================================================================================================================================================================
Dimensão: (431, 287)
Máximo: 80%
Tempo pré-processamento NFPs: 10.68s
==============================================================================================================================================================================================

