==============================================================================================================================================================================================
RESULTADOS GERAIS: 04/02/2025 17:38
==============================================================================================================================================================================================


||||||||||||||||||||||||||||||||||||||||||||||||||||||||||||||||||||||||||||||||||||||||||||||||||||||||||||||||||||||||||||||||||||||||||||||||||||||||||||||||||||||||||||||||||||||||||||||
Instância: embraer_3274
Data e Hora: 04/02/2025 17:38
Margem: True
{'dimensoes': ['60', '70', '80'], 'algoritmos': {'GCG': 1, 'GRASP': 0, 'GRASP_GCG': 0, 'Random_Key': 0}, 'num_execucoes': 1}
||||||||||||||||||||||||||||||||||||||||||||||||||||||||||||||||||||||||||||||||||||||||||||||||||||||||||||||||||||||||||||||||||||||||||||||||||||||||||||||||||||||||||||||||||||||||||||||


==============================================================================================================================================================================================
Dimensão: (498, 332)
Máximo: 60%
Tempo pré-processamento NFPs: 9.13s
==============================================================================================================================================================================================

----------------------------------------------------------------------------------------------------------------------------------------------------------------------------------------------
RESULTADOS GCG:
GCG: Tempo: 115.62s, Area: 60.02%, Peças: 16/16, Fecho: 82.0%, Box: 95.0%
Peças GCG: [[(-200, -26), (-141, 11), (136, -45), (134, -114), (-81, -132), (-180, -68)], [(-173, 39), (-170, 43), (-123, 37), (-101, 27), (-101, 22), (-110, 17), (-173, 14)], [(-91, 49), (-98, 42), (-169, 48), (-173, 60), (-169, 86), (-160, 88), (-124, 83), (-91, 59)], [(-184, 125), (-175, 136), (-137, 136), (-118, 117), (-118, 97), (-121, 93), (-139, 91), (-182, 94), (-185, 97)], [(-45, 163), (-24, 130), (-32, 36), (-115, 82), (-110, 107), (-91, 139)], [(81, -4), (-15, -9), (-39, 5), (-41, 14), (-16, 59), (23, 79), (35, 80), (81, 8)], [(12, 77), (-19, 77), (-22, 81), (-20, 142), (-17, 145), (3, 142), (18, 124), (21, 87)], [(-184, 196), (-99, 190), (-73, 171), (-74, 157), (-84, 149), (-180, 141)], [(-31, 197), (13, 194), (13, 155), (10, 147), (-31, 152), (-35, 155)], [(19, 181), (71, 178), (79, 145), (79, 101), (31, 99), (17, 145)], [(133, 122), (135, 20), (126, 3), (116, 0), (76, 23), (52, 64), (50, 75), (57, 84)], [(119, 136), (95, 130), (87, 132), (78, 177), (79, 184), (103, 193), (113, 191), (120, 145)], [(167, -132), (145, -128), (141, 158), (167, 161)], [(188, -132), (171, -128), (168, 158), (181, 163), (192, 158)], [(207, -132), (194, -110), (192, -14), (196, -7), (279, -51), (278, -66), (259, -106)], [(250, -25), (240, -25), (214, 5), (211, 44), (213, 54), (239, 57), (251, 54), (254, -21)]]
----------------------------------------------------------------------------------------------------------------------------------------------------------------------------------------------


==============================================================================================================================================================================================
Dimensão: (461, 307)
Máximo: 70%
Tempo pré-processamento NFPs: 9.13s
==============================================================================================================================================================================================

----------------------------------------------------------------------------------------------------------------------------------------------------------------------------------------------
RESULTADOS GCG:
GCG: Tempo: 107.28s, Area: 60.78%, Peças: 14/16, Fecho: 92.0%, Box: 97.0%
Peças GCG: [[(-200, -1), (-141, 36), (136, -20), (134, -89), (-81, -107), (-180, -43)], [(-173, 64), (-170, 68), (-123, 62), (-101, 52), (-101, 47), (-110, 42), (-173, 39)], [(-91, 74), (-98, 67), (-169, 73), (-173, 85), (-169, 111), (-160, 113), (-124, 108), (-91, 84)], [(-89, 30), (-83, 115), (-64, 141), (-50, 141), (-42, 131), (-34, 35)], [(89, 32), (56, 11), (-38, 19), (7, 102), (33, 97), (65, 78)], [(-164, 122), (-164, 132), (-134, 158), (-95, 161), (-85, 159), (-82, 133), (-86, 121), (-161, 118)], [(-42, 188), (10, 185), (18, 152), (18, 108), (-30, 106), (-44, 152)], [(56, 104), (25, 104), (22, 108), (24, 169), (27, 172), (47, 169), (62, 151), (65, 114)], [(104, 133), (80, 127), (72, 129), (63, 174), (64, 181), (88, 190), (98, 188), (105, 142)], [(86, 60), (75, 69), (75, 107), (94, 126), (114, 126), (118, 123), (119, 105), (117, 62), (114, 59)], [(-194, 152), (-191, 196), (-152, 196), (-144, 193), (-149, 152), (-152, 148)], [(154, -107), (141, -85), (139, 11), (143, 18), (226, -26), (225, -41), (206, -81)], [(141, 21), (139, 123), (148, 140), (158, 143), (198, 121), (222, 80), (224, 69), (217, 60)], [(255, -107), (233, -103), (229, 183), (255, 186)]]
----------------------------------------------------------------------------------------------------------------------------------------------------------------------------------------------


==============================================================================================================================================================================================
Dimensão: (431, 287)
Máximo: 80%
Tempo pré-processamento NFPs: 9.13s
==============================================================================================================================================================================================

----------------------------------------------------------------------------------------------------------------------------------------------------------------------------------------------
RESULTADOS GCG:
GCG: Tempo: 93.53s, Area: 64.3%, Peças: 13/16, Fecho: 85.0%, Box: 96.0%
Peças GCG: [[(-200, 19), (-141, 56), (136, 0), (134, -69), (-81, -87), (-180, -23)], [(-173, 84), (-170, 88), (-123, 82), (-101, 72), (-101, 67), (-110, 62), (-173, 59)], [(-91, 94), (-98, 87), (-169, 93), (-173, 105), (-169, 131), (-160, 133), (-124, 128), (-91, 104)], [(23, 66), (-10, 45), (-104, 53), (-59, 136), (-33, 131), (-1, 112)], [(25, 26), (31, 111), (50, 137), (64, 137), (72, 127), (80, 31)], [(-164, 142), (-164, 152), (-134, 178), (-95, 181), (-85, 179), (-82, 153), (-86, 141), (-161, 138)], [(-76, 173), (-67, 184), (-29, 184), (-10, 165), (-10, 145), (-13, 141), (-31, 139), (-74, 142), (-77, 145)], [(27, 119), (-4, 119), (-7, 123), (-5, 184), (-2, 187), (18, 184), (33, 166), (36, 129)], [(84, 141), (40, 144), (40, 183), (43, 191), (84, 187), (88, 184)], [(79, 135), (103, 141), (111, 139), (119, 94), (118, 87), (95, 78), (85, 80), (78, 126)], [(154, -87), (141, -65), (139, 31), (143, 38), (226, -6), (225, -21), (206, -61)], [(223, 102), (220, 50), (187, 42), (143, 42), (141, 90), (187, 104)], [(93, 187), (189, 192), (213, 178), (215, 169), (189, 124), (151, 104), (139, 103), (93, 175)]]
----------------------------------------------------------------------------------------------------------------------------------------------------------------------------------------------


||||||||||||||||||||||||||||||||||||||||||||||||||||||||||||||||||||||||||||||||||||||||||||||||||||||||||||||||||||||||||||||||||||||||||||||||||||||||||||||||||||||||||||||||||||||||||||||
Instância: embraer_3153
Data e Hora: 04/02/2025 17:38
Margem: True
{'dimensoes': ['60', '70', '80'], 'algoritmos': {'GCG': 1, 'GRASP': 0, 'GRASP_GCG': 0, 'Random_Key': 0}, 'num_execucoes': 1}
||||||||||||||||||||||||||||||||||||||||||||||||||||||||||||||||||||||||||||||||||||||||||||||||||||||||||||||||||||||||||||||||||||||||||||||||||||||||||||||||||||||||||||||||||||||||||||||


==============================================================================================================================================================================================
Dimensão: (505, 336)
Máximo: 60%
Tempo pré-processamento NFPs: 52.83s
==============================================================================================================================================================================================

----------------------------------------------------------------------------------------------------------------------------------------------------------------------------------------------
RESULTADOS GCG:
GCG: Tempo: 142.41s, Area: 60.19%, Peças: 17/17, Fecho: 82.0%, Box: 98.0%
Peças GCG: [[(-200, -132), (-196, -115), (90, -111), (95, -124), (90, -136)], [(93, -84), (89, -106), (-197, -110), (-200, -84)], [(91, 71), (93, -80), (-85, -79), (-123, -51), (-120, -34), (35, 63)], [(-127, -45), (-127, -76), (-131, -79), (-192, -77), (-195, -74), (-192, -54), (-174, -39), (-137, -36)], [(-200, -29), (-200, -19), (-170, 7), (-131, 10), (-121, 8), (-118, -18), (-122, -30), (-197, -33)], [(-83, 36), (-85, 21), (-90, 15), (-177, 15), (-181, 22), (-179, 29), (-90, 45)], [(-173, 55), (-169, 96), (35, 89), (35, 68), (-23, 50), (-168, 50)], [(-178, 34), (-199, 34), (-199, 67), (-183, 67), (-178, 62)], [(-169, 101), (-162, 141), (-19, 143), (38, 125), (35, 101)], [(-196, 121), (-178, 121), (-175, 118), (-176, 75), (-179, 72), (-197, 72), (-199, 75), (-199, 118)], [(77, 163), (84, 156), (78, 85), (66, 81), (40, 85), (38, 94), (43, 131), (67, 163)], [(46, 143), (-39, 149), (-65, 168), (-65, 182), (-55, 190), (42, 198)], [(-180, 157), (-180, 172), (-156, 189), (-68, 189), (-72, 149), (-168, 146)], [(98, -136), (114, 10), (182, 79), (224, -131)], [(133, 94), (144, 85), (144, 47), (125, 28), (105, 28), (101, 31), (99, 49), (102, 92), (105, 95)], [(159, 98), (107, 101), (98, 134), (99, 178), (147, 180), (161, 134)], [(225, -136), (225, -68), (228, -65), (297, -79), (294, -136)]]
----------------------------------------------------------------------------------------------------------------------------------------------------------------------------------------------


==============================================================================================================================================================================================
Dimensão: (467, 312)
Máximo: 70%
Tempo pré-processamento NFPs: 52.83s
==============================================================================================================================================================================================

----------------------------------------------------------------------------------------------------------------------------------------------------------------------------------------------
RESULTADOS GCG:
GCG: Tempo: 141.14s, Area: 64.01%, Peças: 15/17, Fecho: 85.0%, Box: 88.0%
Peças GCG: [[(-200, -108), (-196, -91), (90, -87), (95, -100), (90, -112)], [(93, -60), (89, -82), (-197, -86), (-200, -60)], [(91, 95), (93, -56), (-85, -55), (-123, -27), (-120, -10), (35, 87)], [(-127, -21), (-127, -52), (-131, -55), (-192, -53), (-195, -50), (-192, -30), (-174, -15), (-137, -12)], [(-200, -5), (-200, 5), (-170, 31), (-131, 34), (-121, 32), (-118, 6), (-122, -6), (-197, -9)], [(-83, 60), (-85, 45), (-90, 39), (-177, 39), (-181, 46), (-179, 53), (-90, 69)], [(-173, 79), (-169, 120), (35, 113), (35, 92), (-23, 74), (-168, 74)], [(-178, 58), (-199, 58), (-199, 91), (-183, 91), (-178, 86)], [(-169, 125), (-162, 165), (-19, 167), (38, 149), (35, 125)], [(74, 163), (85, 154), (85, 116), (66, 97), (46, 97), (42, 100), (40, 118), (43, 161), (46, 164)], [(-196, 145), (-178, 145), (-175, 142), (-176, 99), (-179, 96), (-197, 96), (-199, 99), (-199, 142)], [(98, -112), (114, 34), (182, 103), (224, -107)], [(134, 72), (127, 78), (133, 149), (145, 153), (171, 149), (173, 140), (168, 104), (144, 71)], [(255, 99), (249, 14), (230, -12), (216, -12), (208, -2), (200, 95)], [(176, 108), (179, 160), (212, 169), (256, 169), (258, 121), (212, 106)]]
----------------------------------------------------------------------------------------------------------------------------------------------------------------------------------------------


==============================================================================================================================================================================================
Dimensão: (437, 291)
Máximo: 80%
Tempo pré-processamento NFPs: 52.83s
==============================================================================================================================================================================================

----------------------------------------------------------------------------------------------------------------------------------------------------------------------------------------------
RESULTADOS GCG:
GCG: Tempo: 126.76s, Area: 66.02%, Peças: 13/17, Fecho: 85.0%, Box: 93.0%
Peças GCG: [[(-200, -87), (-196, -70), (90, -66), (95, -79), (90, -91)], [(93, -39), (89, -61), (-197, -65), (-200, -39)], [(91, 116), (93, -35), (-85, -34), (-123, -6), (-120, 11), (35, 108)], [(-127, -1), (-127, -32), (-131, -35), (-192, -33), (-195, -30), (-192, -10), (-174, 5), (-137, 8)], [(-200, 16), (-200, 26), (-170, 52), (-131, 55), (-121, 53), (-118, 27), (-122, 15), (-197, 12)], [(-83, 81), (-85, 66), (-90, 60), (-177, 60), (-181, 67), (-179, 74), (-90, 90)], [(-173, 100), (-169, 141), (35, 134), (35, 113), (-23, 95), (-168, 95)], [(-178, 79), (-199, 79), (-199, 112), (-183, 112), (-178, 107)], [(-169, 146), (-162, 186), (-19, 188), (38, 170), (35, 146)], [(74, 184), (85, 175), (85, 137), (66, 118), (46, 118), (42, 121), (40, 139), (43, 182), (46, 185)], [(-196, 166), (-178, 166), (-175, 163), (-176, 120), (-179, 117), (-197, 117), (-199, 120), (-199, 163)], [(98, -91), (114, 55), (182, 124), (224, -86)], [(134, 93), (127, 99), (133, 170), (145, 174), (171, 170), (173, 161), (168, 125), (144, 92)]]
----------------------------------------------------------------------------------------------------------------------------------------------------------------------------------------------


||||||||||||||||||||||||||||||||||||||||||||||||||||||||||||||||||||||||||||||||||||||||||||||||||||||||||||||||||||||||||||||||||||||||||||||||||||||||||||||||||||||||||||||||||||||||||||||
Instância: embraer_3089
Data e Hora: 04/02/2025 17:38
Margem: True
{'dimensoes': ['60', '70', '80'], 'algoritmos': {'GCG': 1, 'GRASP': 0, 'GRASP_GCG': 0, 'Random_Key': 0}, 'num_execucoes': 1}
||||||||||||||||||||||||||||||||||||||||||||||||||||||||||||||||||||||||||||||||||||||||||||||||||||||||||||||||||||||||||||||||||||||||||||||||||||||||||||||||||||||||||||||||||||||||||||||


==============================================================================================================================================================================================
Dimensão: (549, 366)
Máximo: 60%
Tempo pré-processamento NFPs: 9.92s
==============================================================================================================================================================================================

----------------------------------------------------------------------------------------------------------------------------------------------------------------------------------------------
RESULTADOS GCG:
GCG: Tempo: 117.11s, Area: 60.02%, Peças: 18/18, Fecho: 83.0%, Box: 94.0%
Peças GCG: [[(6, -158), (-2, -166), (-193, -163), (-200, -154), (-200, -118), (-193, -111), (0, -118), (7, -125)], [(-8, -106), (-14, -112), (-192, -106), (-192, -74), (-8, -69)], [(-198, -30), (-8, -30), (-8, -64), (-198, -68)], [(-8, 5), (-8, -25), (-194, -23), (-192, 2)], [(-193, 6), (-190, 53), (-52, 38), (-53, 11)], [(-51, 43), (-170, 56), (-171, 103), (-51, 104)], [(-4, 107), (-4, 10), (-48, 9), (-42, 107)], [(-177, 181), (-171, 185), (-67, 184), (-45, 157), (-48, 128), (-66, 109), (-171, 108), (-177, 114)], [(-4, 112), (-16, 112), (-40, 137), (-40, 180), (-38, 182), (-8, 180), (-2, 138), (-1, 114)], [(238, -166), (10, -166), (9, -56), (238, -104)], [(73, -13), (132, 12), (189, 12), (199, -12), (199, -52), (190, -76), (125, -76), (74, -47)], [(9, -51), (9, 17), (57, 18), (58, -50)], [(162, 28), (155, 22), (57, 22), (49, 29), (49, 67), (59, 74), (156, 81), (162, 74)], [(24, 83), (24, 143), (46, 165), (86, 165), (108, 143), (107, 83)], [(164, 86), (113, 87), (113, 176), (161, 174)], [(215, 105), (215, 18), (168, 17), (170, 105)], [(168, 200), (180, 200), (204, 175), (204, 132), (202, 130), (172, 132), (166, 175), (165, 199)], [(263, -166), (255, -153), (240, -40), (250, -32), (309, -33), (316, -40), (316, -154), (309, -166)]]
----------------------------------------------------------------------------------------------------------------------------------------------------------------------------------------------


==============================================================================================================================================================================================
Dimensão: (508, 338)
Máximo: 70%
Tempo pré-processamento NFPs: 9.92s
==============================================================================================================================================================================================

----------------------------------------------------------------------------------------------------------------------------------------------------------------------------------------------
RESULTADOS GCG:
GCG: Tempo: 110.37s, Area: 70.2%, Peças: 18/18, Fecho: 94.0%, Box: 99.0%
Peças GCG: [[(29, -138), (-199, -138), (-200, -28), (29, -76)], [(-135, 15), (-76, 40), (-19, 40), (-9, 16), (-9, -24), (-18, -48), (-83, -48), (-134, -19)], [(-199, -23), (-199, 45), (-151, 46), (-150, -22)], [(-199, 49), (-196, 96), (-58, 81), (-59, 54)], [(-58, 86), (-177, 99), (-178, 146), (-58, 147)], [(-2, 45), (-53, 46), (-53, 135), (-5, 133)], [(-58, 152), (-155, 152), (-156, 196), (-58, 190)], [(-53, 148), (-53, 160), (-28, 184), (15, 184), (17, 182), (15, 152), (-28, 146), (-52, 145)], [(237, -130), (229, -138), (38, -135), (31, -126), (31, -90), (38, -83), (231, -90), (238, -97)], [(222, -78), (216, -84), (38, -78), (38, -46), (222, -41)], [(32, -2), (222, -2), (222, -36), (32, -40)], [(32, 2), (32, 32), (218, 30), (216, 5)], [(224, 40), (218, 35), (114, 37), (92, 63), (95, 92), (113, 111), (218, 113), (224, 107)], [(51, 107), (63, 107), (87, 82), (87, 39), (85, 37), (55, 39), (49, 82), (48, 106)], [(59, 166), (66, 172), (164, 172), (172, 165), (171, 127), (161, 120), (65, 113), (59, 120)], [(240, -138), (240, -51), (287, -50), (285, -138)], [(282, 88), (290, 76), (305, -38), (295, -46), (236, -45), (229, -37), (229, 77), (236, 88)], [(261, 200), (261, 140), (239, 118), (199, 119), (177, 141), (178, 200)]]
----------------------------------------------------------------------------------------------------------------------------------------------------------------------------------------------


==============================================================================================================================================================================================
Dimensão: (475, 317)
Máximo: 80%
Tempo pré-processamento NFPs: 9.92s
==============================================================================================================================================================================================

----------------------------------------------------------------------------------------------------------------------------------------------------------------------------------------------
RESULTADOS GCG:
GCG: Tempo: 95.43s, Area: 69.91%, Peças: 16/18, Fecho: 91.0%, Box: 100.0%
Peças GCG: [[(6, -109), (-2, -117), (-193, -114), (-200, -105), (-200, -69), (-193, -62), (0, -69), (7, -76)], [(-8, -57), (-14, -63), (-192, -57), (-192, -25), (-8, -20)], [(-198, 18), (-8, 18), (-8, -16), (-198, -20)], [(-8, 53), (-8, 23), (-194, 25), (-192, 50)], [(-193, 55), (-190, 102), (-52, 87), (-53, 60)], [(-51, 92), (-170, 105), (-171, 152), (-51, 153)], [(5, 58), (-46, 59), (-46, 148), (2, 146)], [(-99, 199), (-2, 199), (-2, 155), (-99, 161)], [(-125, 194), (-125, 182), (-150, 158), (-193, 158), (-195, 160), (-193, 190), (-150, 196), (-126, 197)], [(238, -117), (10, -117), (9, -7), (238, -55)], [(73, 36), (132, 61), (189, 61), (199, 37), (199, -3), (190, -27), (125, -27), (74, 2)], [(9, -2), (9, 66), (57, 67), (58, -1)], [(167, 74), (161, 69), (57, 71), (35, 97), (38, 126), (56, 145), (161, 147), (167, 141)], [(172, 66), (172, 153), (219, 154), (217, 66)], [(9, 149), (9, 161), (34, 185), (77, 185), (79, 183), (77, 153), (34, 147), (10, 146)], [(269, 64), (275, 57), (275, -41), (268, -49), (230, -49), (223, -39), (216, 58), (223, 64)]]
----------------------------------------------------------------------------------------------------------------------------------------------------------------------------------------------


||||||||||||||||||||||||||||||||||||||||||||||||||||||||||||||||||||||||||||||||||||||||||||||||||||||||||||||||||||||||||||||||||||||||||||||||||||||||||||||||||||||||||||||||||||||||||||||
Instância: embraer_3086
Data e Hora: 04/02/2025 17:38
Margem: True
{'dimensoes': ['60', '70', '80'], 'algoritmos': {'GCG': 1, 'GRASP': 0, 'GRASP_GCG': 0, 'Random_Key': 0}, 'num_execucoes': 1}
||||||||||||||||||||||||||||||||||||||||||||||||||||||||||||||||||||||||||||||||||||||||||||||||||||||||||||||||||||||||||||||||||||||||||||||||||||||||||||||||||||||||||||||||||||||||||||||


==============================================================================================================================================================================================
Dimensão: (576, 384)
Máximo: 60%
Tempo pré-processamento NFPs: 35.33s
==============================================================================================================================================================================================

----------------------------------------------------------------------------------------------------------------------------------------------------------------------------------------------
RESULTADOS GCG:
GCG: Tempo: 151.58s, Area: 59.9%, Peças: 17/17, Fecho: 88.0%, Box: 90.0%
Peças GCG: [[(-200, -110), (-21, -92), (87, -97), (179, -116), (191, -162), (176, -174), (-199, -184)], [(-174, -74), (-171, -70), (-124, -76), (-102, -86), (-102, -91), (-111, -96), (-174, -99)], [(37, -32), (33, -73), (-171, -65), (-171, -44), (-113, -27), (32, -27)], [(-41, -8), (-64, -21), (-160, -23), (-167, -19), (-123, 64), (-108, 63), (-67, 44)], [(-161, 71), (-150, 62), (-150, 24), (-169, 5), (-189, 5), (-193, 8), (-195, 26), (-192, 69), (-189, 72)], [(-129, 96), (-129, 80), (-132, 77), (-189, 77), (-189, 86), (-162, 116), (-148, 116)], [(-166, 120), (-197, 120), (-200, 124), (-198, 185), (-195, 188), (-175, 185), (-160, 167), (-157, 130)], [(-122, 68), (-127, 164), (-113, 188), (-104, 190), (-59, 165), (-39, 127), (-38, 115), (-110, 69)], [(-26, -17), (-47, 16), (-39, 110), (44, 65), (39, 40), (20, 8)], [(42, -68), (40, 34), (49, 51), (59, 54), (99, 32), (123, -9), (125, -20), (118, -29)], [(-3, 134), (-27, 128), (-35, 130), (-44, 175), (-43, 182), (-19, 191), (-9, 189), (-2, 143)], [(1, 137), (45, 134), (45, 95), (42, 87), (1, 92), (-3, 95)], [(50, 134), (122, 126), (122, 59), (119, 50), (50, 60)], [(154, -105), (132, -101), (128, 185), (154, 188)], [(163, 185), (180, 181), (183, -105), (170, -110), (159, -105)], [(289, 190), (270, -184), (230, -182), (196, -40), (208, 187)], [(331, -184), (291, -177), (290, -34), (308, 23), (332, 20)]]
----------------------------------------------------------------------------------------------------------------------------------------------------------------------------------------------


==============================================================================================================================================================================================
Dimensão: (533, 355)
Máximo: 70%
Tempo pré-processamento NFPs: 35.33s
==============================================================================================================================================================================================

----------------------------------------------------------------------------------------------------------------------------------------------------------------------------------------------
RESULTADOS GCG:
GCG: Tempo: 143.82s, Area: 54.31%, Peças: 16/17, Fecho: 79.0%, Box: 92.0%
Peças GCG: [[(174, -155), (-200, -137), (-198, -97), (-56, -62), (171, -74)], [(-191, -53), (-188, -49), (-141, -55), (-119, -65), (-119, -70), (-128, -75), (-191, -78)], [(-188, -44), (-184, -27), (102, -23), (107, -36), (102, -48)], [(105, 3), (101, -19), (-185, -23), (-188, 3)], [(-142, 8), (-135, 48), (8, 50), (65, 32), (62, 8)], [(-192, 12), (-189, 56), (-150, 56), (-142, 53), (-147, 12), (-150, 8)], [(8, 96), (4, 55), (-200, 63), (-200, 84), (-142, 101), (3, 101)], [(-70, 120), (-93, 107), (-189, 105), (-196, 109), (-152, 192), (-137, 191), (-96, 172)], [(-47, 120), (-63, 120), (-66, 123), (-66, 180), (-57, 180), (-27, 153), (-27, 139)], [(10, 106), (-21, 106), (-24, 110), (-22, 171), (-19, 174), (1, 171), (16, 153), (19, 116)], [(54, 55), (30, 49), (22, 51), (13, 96), (14, 103), (38, 112), (48, 110), (55, 64)], [(24, 193), (96, 185), (96, 118), (93, 109), (24, 119)], [(129, 122), (150, 89), (142, -5), (59, 41), (64, 66), (83, 98)], [(112, 128), (101, 137), (101, 175), (120, 194), (140, 194), (144, 191), (145, 173), (143, 130), (140, 127)], [(301, -150), (205, -155), (181, -141), (179, -132), (204, -87), (243, -67), (255, -66), (301, -138)], [(201, -82), (199, 20), (208, 37), (218, 40), (258, 18), (282, -23), (284, -34), (277, -43)]]
----------------------------------------------------------------------------------------------------------------------------------------------------------------------------------------------


==============================================================================================================================================================================================
Dimensão: (499, 332)
Máximo: 80%
Tempo pré-processamento NFPs: 35.33s
==============================================================================================================================================================================================

----------------------------------------------------------------------------------------------------------------------------------------------------------------------------------------------
RESULTADOS GCG:
GCG: Tempo: 135.11s, Area: 60.03%, Peças: 15/17, Fecho: 94.0%, Box: 99.0%
Peças GCG: [[(-200, -58), (-21, -40), (87, -45), (179, -64), (191, -110), (176, -122), (-199, -132)], [(-174, -22), (-171, -18), (-124, -24), (-102, -34), (-102, -39), (-111, -44), (-174, -47)], [(37, 19), (33, -22), (-171, -14), (-171, 7), (-113, 24), (32, 24)], [(-41, 43), (-64, 30), (-160, 28), (-167, 32), (-123, 115), (-108, 114), (-67, 95)], [(-161, 123), (-150, 114), (-150, 76), (-169, 57), (-189, 57), (-193, 60), (-195, 78), (-192, 121), (-189, 124)], [(-129, 148), (-129, 132), (-132, 129), (-189, 129), (-189, 138), (-162, 168), (-148, 168)], [(-90, 120), (-121, 120), (-124, 124), (-122, 185), (-119, 188), (-99, 185), (-84, 167), (-81, 130)], [(-74, 149), (-30, 146), (-30, 107), (-33, 99), (-74, 104), (-78, 107)], [(76, 49), (-20, 44), (-44, 58), (-46, 67), (-21, 112), (18, 132), (30, 133), (76, 61)], [(162, -22), (129, -43), (35, -35), (80, 48), (106, 43), (138, 24)], [(-76, 156), (-82, 179), (-80, 187), (-35, 196), (-28, 195), (-19, 172), (-21, 162), (-67, 154)], [(114, 199), (116, 97), (107, 80), (97, 77), (57, 100), (33, 141), (31, 152), (38, 161)], [(267, -132), (195, -124), (195, -57), (198, -48), (267, -57)], [(268, -52), (228, -45), (227, 98), (245, 155), (269, 152)], [(296, -132), (274, -128), (270, 158), (296, 161)]]
----------------------------------------------------------------------------------------------------------------------------------------------------------------------------------------------


||||||||||||||||||||||||||||||||||||||||||||||||||||||||||||||||||||||||||||||||||||||||||||||||||||||||||||||||||||||||||||||||||||||||||||||||||||||||||||||||||||||||||||||||||||||||||||||
Instância: embraer_2338
Data e Hora: 04/02/2025 17:38
Margem: True
{'dimensoes': ['60', '70', '80'], 'algoritmos': {'GCG': 1, 'GRASP': 0, 'GRASP_GCG': 0, 'Random_Key': 0}, 'num_execucoes': 1}
||||||||||||||||||||||||||||||||||||||||||||||||||||||||||||||||||||||||||||||||||||||||||||||||||||||||||||||||||||||||||||||||||||||||||||||||||||||||||||||||||||||||||||||||||||||||||||||


==============================================================================================================================================================================================
Dimensão: (613, 409)
Máximo: 60%
Tempo pré-processamento NFPs: 81.98s
==============================================================================================================================================================================================

----------------------------------------------------------------------------------------------------------------------------------------------------------------------------------------------
RESULTADOS GCG:
GCG: Tempo: 216.48s, Area: 60.09%, Peças: 19/19, Fecho: 80.0%, Box: 88.0%
Peças GCG: [[(174, -209), (-200, -191), (-198, -151), (-56, -116), (171, -128)], [(-128, -108), (-128, -129), (-161, -129), (-161, -113), (-156, -108)], [(-135, -84), (39, -85), (39, -101), (35, -105), (-129, -103)], [(-175, -71), (-171, -74), (-178, -121), (-188, -143), (-193, -143), (-198, -134), (-200, -71)], [(46, -59), (-188, -66), (-192, 55), (-79, 71), (30, -12)], [(-199, 67), (-197, 82), (-192, 88), (-105, 89), (-101, 82), (-103, 75), (-192, 58)], [(-96, 105), (-105, 94), (-193, 101), (-197, 116), (-192, 168), (-179, 172), (-143, 158), (-96, 111)], [(-86, 75), (-93, 81), (-87, 152), (-75, 156), (-49, 152), (-47, 143), (-52, 107), (-76, 74)], [(-41, 127), (-31, 127), (-5, 97), (-2, 58), (-4, 48), (-30, 45), (-42, 48), (-45, 124)], [(0, 16), (6, 101), (25, 127), (39, 127), (47, 117), (55, 21)], [(158, 15), (160, -105), (51, -105), (50, 16)], [(-160, 182), (-158, 187), (-51, 194), (-43, 172), (-50, 167), (-160, 171)], [(-43, 163), (-38, 174), (-12, 197), (-2, 197), (55, 165), (55, 159), (31, 132), (-14, 133), (-43, 156)], [(65, 162), (80, 162), (97, 138), (97, 50), (57, 53), (54, 150)], [(174, 18), (102, 26), (102, 93), (105, 102), (174, 93)], [(171, 190), (174, 182), (171, 115), (105, 107), (102, 116), (102, 183)], [(197, -209), (180, -30), (185, 78), (204, 170), (250, 182), (262, 167), (271, -208)], [(327, -209), (289, -206), (272, -173), (272, -126), (292, -90), (325, -91), (346, -125), (346, -173)], [(284, -89), (275, -86), (275, 85), (295, 81), (296, -84)]]
----------------------------------------------------------------------------------------------------------------------------------------------------------------------------------------------


==============================================================================================================================================================================================
Dimensão: (568, 378)
Máximo: 70%
Tempo pré-processamento NFPs: 81.98s
==============================================================================================================================================================================================

----------------------------------------------------------------------------------------------------------------------------------------------------------------------------------------------
RESULTADOS GCG:
GCG: Tempo: 195.46s, Area: 56.2%, Peças: 18/19, Fecho: 76.0%, Box: 83.0%
Peças GCG: [[(174, -178), (-200, -160), (-198, -120), (-56, -85), (171, -97)], [(-128, -77), (-128, -98), (-161, -98), (-161, -82), (-156, -77)], [(-135, -53), (39, -54), (39, -70), (35, -74), (-129, -72)], [(-175, -40), (-171, -43), (-178, -90), (-188, -112), (-193, -112), (-198, -103), (-200, -40)], [(46, -28), (-188, -35), (-192, 86), (-79, 102), (30, 19)], [(-199, 98), (-197, 113), (-192, 119), (-105, 120), (-101, 113), (-103, 106), (-192, 89)], [(-98, 132), (-105, 125), (-176, 131), (-180, 143), (-176, 169), (-167, 171), (-131, 166), (-98, 142)], [(6, 111), (-3, 100), (-91, 107), (-95, 122), (-90, 174), (-77, 178), (-41, 164), (6, 117)], [(76, 67), (71, 56), (45, 33), (35, 32), (-22, 64), (-22, 70), (2, 97), (47, 97), (76, 74)], [(53, -86), (51, 33), (160, 34), (161, -87)], [(78, 37), (84, 122), (103, 148), (117, 148), (125, 138), (133, 42)], [(78, 198), (81, 190), (78, 123), (12, 115), (9, 124), (9, 191)], [(143, 40), (138, 43), (131, 149), (153, 157), (158, 150), (154, 41)], [(167, 192), (167, 182), (137, 156), (98, 153), (88, 155), (85, 181), (88, 193), (164, 196)], [(233, -178), (195, -175), (178, -142), (178, -95), (198, -59), (231, -60), (252, -94), (252, -142)], [(199, 56), (214, 56), (231, 32), (231, -56), (191, -53), (188, 44)], [(251, 57), (179, 65), (179, 132), (182, 141), (251, 132)], [(266, -4), (275, -7), (275, -178), (255, -174), (254, -9)]]
----------------------------------------------------------------------------------------------------------------------------------------------------------------------------------------------


==============================================================================================================================================================================================
Dimensão: (531, 354)
Máximo: 80%
Tempo pré-processamento NFPs: 81.98s
==============================================================================================================================================================================================

----------------------------------------------------------------------------------------------------------------------------------------------------------------------------------------------
RESULTADOS GCG:
GCG: Tempo: 186.73s, Area: 65.65%, Peças: 18/19, Fecho: 92.0%, Box: 97.0%
Peças GCG: [[(-200, -80), (-21, -62), (87, -67), (179, -86), (191, -132), (176, -144), (-199, -154)], [(-174, -44), (-171, -40), (-124, -46), (-102, -56), (-102, -61), (-111, -66), (-174, -69)], [(-179, -72), (-200, -72), (-200, -39), (-184, -39), (-179, -44)], [(-189, -15), (-15, -16), (-15, -32), (-19, -36), (-183, -34)], [(43, -3), (-191, -10), (-195, 111), (-82, 127), (27, 44)], [(-108, 158), (-108, 148), (-138, 122), (-177, 119), (-187, 121), (-190, 147), (-187, 159), (-111, 162)], [(-195, 173), (-193, 188), (-188, 194), (-101, 195), (-97, 188), (-99, 181), (-188, 164)], [(-21, 133), (-28, 126), (-99, 132), (-103, 144), (-99, 170), (-90, 172), (-54, 167), (-21, 143)], [(-37, 106), (-32, 117), (-6, 140), (4, 140), (61, 108), (61, 102), (37, 75), (-8, 76), (-37, 99)], [(49, 47), (169, 49), (169, -60), (48, -61)], [(60, 54), (68, 126), (135, 126), (144, 123), (134, 54)], [(66, 141), (-19, 147), (-45, 166), (-45, 180), (-35, 188), (62, 196)], [(182, 163), (182, 148), (158, 131), (70, 131), (73, 171), (170, 174)], [(297, -143), (288, -154), (200, -147), (196, -132), (201, -80), (214, -76), (250, -90), (297, -137)], [(232, 39), (270, 36), (287, 3), (286, -44), (267, -80), (234, -79), (213, -45), (213, 3)], [(264, 123), (267, 115), (264, 48), (198, 40), (195, 49), (195, 116)], [(285, 155), (290, 153), (297, 46), (275, 38), (270, 45), (274, 155)], [(311, 20), (320, 17), (320, -154), (300, -150), (299, 15)]]
----------------------------------------------------------------------------------------------------------------------------------------------------------------------------------------------


||||||||||||||||||||||||||||||||||||||||||||||||||||||||||||||||||||||||||||||||||||||||||||||||||||||||||||||||||||||||||||||||||||||||||||||||||||||||||||||||||||||||||||||||||||||||||||||
Instância: embraer_610
Data e Hora: 04/02/2025 17:38
Margem: True
{'dimensoes': ['60', '70', '80'], 'algoritmos': {'GCG': 1, 'GRASP': 0, 'GRASP_GCG': 0, 'Random_Key': 0}, 'num_execucoes': 1}
||||||||||||||||||||||||||||||||||||||||||||||||||||||||||||||||||||||||||||||||||||||||||||||||||||||||||||||||||||||||||||||||||||||||||||||||||||||||||||||||||||||||||||||||||||||||||||||


==============================================================================================================================================================================================
Dimensão: (461, 307)
Máximo: 60%
Tempo pré-processamento NFPs: 317.61s
==============================================================================================================================================================================================

