==============================================================================================================================================================================================
RESULTADOS GERAIS: 04/02/2025 23:00
==============================================================================================================================================================================================


||||||||||||||||||||||||||||||||||||||||||||||||||||||||||||||||||||||||||||||||||||||||||||||||||||||||||||||||||||||||||||||||||||||||||||||||||||||||||||||||||||||||||||||||||||||||||||||
Instância: embraer_3089
Data e Hora: 04/02/2025 23:00
Margem: True
{'dimensoes': ['60', '70', '80'], 'algoritmos': {'GCG': 1, 'GRASP': 0, 'GRASP_GCG': 0, 'Random_Key': 0}, 'num_execucoes': 1}
||||||||||||||||||||||||||||||||||||||||||||||||||||||||||||||||||||||||||||||||||||||||||||||||||||||||||||||||||||||||||||||||||||||||||||||||||||||||||||||||||||||||||||||||||||||||||||||


==============================================================================================================================================================================================
Dimensão: (549, 366)
Máximo: 60%
Tempo pré-processamento NFPs: 9.5s
==============================================================================================================================================================================================

----------------------------------------------------------------------------------------------------------------------------------------------------------------------------------------------
RESULTADOS GCG:
GCG: Tempo: 116.02s, Area: 60.02%, Peças: 18/18, Fecho: 83.0%, Box: 93.0%
Peças GCG: [[(6, -158), (-2, -166), (-193, -163), (-200, -154), (-200, -118), (-193, -111), (0, -118), (7, -125)], [(-8, -106), (-14, -112), (-192, -106), (-192, -74), (-8, -69)], [(-198, -30), (-8, -30), (-8, -64), (-198, -68)], [(-8, 5), (-8, -25), (-194, -23), (-192, 2)], [(-193, 6), (-190, 53), (-52, 38), (-53, 11)], [(-51, 43), (-170, 56), (-171, 103), (-51, 104)], [(-4, 107), (-4, 10), (-48, 9), (-42, 107)], [(-177, 181), (-171, 185), (-67, 184), (-45, 157), (-48, 128), (-66, 109), (-171, 108), (-177, 114)], [(-4, 112), (-16, 112), (-40, 137), (-40, 180), (-38, 182), (-8, 180), (-2, 138), (-1, 114)], [(236, -166), (8, -166), (7, -56), (236, -104)], [(71, -13), (130, 12), (187, 12), (197, -12), (197, -52), (188, -76), (123, -76), (72, -47)], [(7, -51), (7, 17), (55, 18), (56, -50)], [(160, 28), (153, 22), (55, 22), (47, 29), (47, 67), (57, 74), (154, 81), (160, 74)], [(22, 83), (22, 143), (44, 165), (84, 165), (106, 143), (105, 83)], [(162, 86), (111, 87), (111, 176), (159, 174)], [(212, 105), (212, 18), (165, 17), (167, 105)], [(166, 200), (178, 200), (202, 175), (202, 132), (200, 130), (170, 132), (164, 175), (163, 199)], [(259, -166), (251, -153), (236, -40), (246, -32), (305, -33), (312, -40), (312, -154), (305, -166)]]
----------------------------------------------------------------------------------------------------------------------------------------------------------------------------------------------


==============================================================================================================================================================================================
Dimensão: (508, 338)
Máximo: 70%
Tempo pré-processamento NFPs: 9.5s
==============================================================================================================================================================================================

----------------------------------------------------------------------------------------------------------------------------------------------------------------------------------------------
RESULTADOS GCG:
GCG: Tempo: 108.9s, Area: 70.2%, Peças: 18/18, Fecho: 94.0%, Box: 99.0%
Peças GCG: [[(29, -138), (-199, -138), (-200, -28), (29, -76)], [(-135, 15), (-76, 40), (-19, 40), (-9, 16), (-9, -24), (-18, -48), (-83, -48), (-134, -19)], [(-199, -23), (-199, 45), (-151, 46), (-150, -22)], [(-199, 49), (-196, 96), (-58, 81), (-59, 54)], [(-58, 86), (-177, 99), (-178, 146), (-58, 147)], [(-2, 45), (-53, 46), (-53, 135), (-5, 133)], [(-58, 152), (-155, 152), (-156, 196), (-58, 190)], [(-53, 148), (-53, 160), (-28, 184), (15, 184), (17, 182), (15, 152), (-28, 146), (-52, 145)], [(235, -130), (227, -138), (36, -135), (29, -126), (29, -90), (36, -83), (229, -90), (236, -97)], [(220, -78), (214, -84), (36, -78), (36, -46), (220, -41)], [(30, -2), (220, -2), (220, -36), (30, -40)], [(30, 2), (30, 32), (216, 30), (214, 5)], [(222, 40), (216, 35), (112, 37), (90, 63), (93, 92), (111, 111), (216, 113), (222, 107)], [(49, 107), (61, 107), (85, 82), (85, 39), (83, 37), (53, 39), (47, 82), (46, 106)], [(57, 166), (64, 172), (162, 172), (170, 165), (169, 127), (159, 120), (63, 113), (57, 120)], [(236, -138), (236, -51), (283, -50), (281, -138)], [(280, 88), (288, 76), (303, -38), (293, -46), (234, -45), (227, -37), (227, 77), (234, 88)], [(258, 200), (258, 140), (236, 118), (196, 119), (174, 141), (175, 200)]]
----------------------------------------------------------------------------------------------------------------------------------------------------------------------------------------------


==============================================================================================================================================================================================
Dimensão: (475, 317)
Máximo: 80%
Tempo pré-processamento NFPs: 9.5s
==============================================================================================================================================================================================

----------------------------------------------------------------------------------------------------------------------------------------------------------------------------------------------
RESULTADOS GCG:
GCG: Tempo: 94.76s, Area: 69.91%, Peças: 16/18, Fecho: 90.0%, Box: 99.0%
Peças GCG: [[(6, -109), (-2, -117), (-193, -114), (-200, -105), (-200, -69), (-193, -62), (0, -69), (7, -76)], [(-8, -57), (-14, -63), (-192, -57), (-192, -25), (-8, -20)], [(-198, 18), (-8, 18), (-8, -16), (-198, -20)], [(-8, 53), (-8, 23), (-194, 25), (-192, 50)], [(-193, 55), (-190, 102), (-52, 87), (-53, 60)], [(-51, 92), (-170, 105), (-171, 152), (-51, 153)], [(5, 58), (-46, 59), (-46, 148), (2, 146)], [(-99, 199), (-2, 199), (-2, 155), (-99, 161)], [(-125, 194), (-125, 182), (-150, 158), (-193, 158), (-195, 160), (-193, 190), (-150, 196), (-126, 197)], [(236, -117), (8, -117), (7, -7), (236, -55)], [(71, 36), (130, 61), (187, 61), (197, 37), (197, -3), (188, -27), (123, -27), (72, 2)], [(7, -2), (7, 66), (55, 67), (56, -1)], [(165, 74), (159, 69), (55, 71), (33, 97), (36, 126), (54, 145), (159, 147), (165, 141)], [(170, 66), (170, 153), (217, 154), (215, 66)], [(7, 149), (7, 161), (32, 185), (75, 185), (77, 183), (75, 153), (32, 147), (8, 146)], [(220, -46), (214, -39), (214, 59), (221, 67), (259, 67), (266, 57), (273, -39), (266, -46)]]
----------------------------------------------------------------------------------------------------------------------------------------------------------------------------------------------


||||||||||||||||||||||||||||||||||||||||||||||||||||||||||||||||||||||||||||||||||||||||||||||||||||||||||||||||||||||||||||||||||||||||||||||||||||||||||||||||||||||||||||||||||||||||||||||
Instância: embraer_3086
Data e Hora: 04/02/2025 23:00
Margem: True
{'dimensoes': ['60', '70', '80'], 'algoritmos': {'GCG': 1, 'GRASP': 0, 'GRASP_GCG': 0, 'Random_Key': 0}, 'num_execucoes': 1}
||||||||||||||||||||||||||||||||||||||||||||||||||||||||||||||||||||||||||||||||||||||||||||||||||||||||||||||||||||||||||||||||||||||||||||||||||||||||||||||||||||||||||||||||||||||||||||||


==============================================================================================================================================================================================
Dimensão: (576, 384)
Máximo: 60%
Tempo pré-processamento NFPs: 9.77s
==============================================================================================================================================================================================

----------------------------------------------------------------------------------------------------------------------------------------------------------------------------------------------
RESULTADOS GCG:
GCG: Tempo: 149.24s, Area: 59.9%, Peças: 17/17, Fecho: 88.0%, Box: 90.0%
Peças GCG: [[(-200, -110), (-21, -92), (87, -97), (179, -116), (191, -162), (176, -174), (-199, -184)], [(-174, -74), (-171, -70), (-124, -76), (-102, -86), (-102, -91), (-111, -96), (-174, -99)], [(37, -32), (33, -73), (-171, -65), (-171, -44), (-113, -27), (32, -27)], [(-41, -8), (-64, -21), (-160, -23), (-167, -19), (-123, 64), (-108, 63), (-67, 44)], [(-161, 71), (-150, 62), (-150, 24), (-169, 5), (-189, 5), (-193, 8), (-195, 26), (-192, 69), (-189, 72)], [(-129, 96), (-129, 80), (-132, 77), (-189, 77), (-189, 86), (-162, 116), (-148, 116)], [(-166, 120), (-197, 120), (-200, 124), (-198, 185), (-195, 188), (-175, 185), (-160, 167), (-157, 130)], [(-122, 68), (-127, 164), (-113, 188), (-104, 190), (-59, 165), (-39, 127), (-38, 115), (-110, 69)], [(-26, -17), (-47, 16), (-39, 110), (44, 65), (39, 40), (20, 8)], [(42, -68), (40, 34), (49, 51), (59, 54), (99, 32), (123, -9), (125, -20), (118, -29)], [(-3, 134), (-27, 128), (-35, 130), (-44, 175), (-43, 182), (-19, 191), (-9, 189), (-2, 143)], [(1, 137), (45, 134), (45, 95), (42, 87), (1, 92), (-3, 95)], [(50, 134), (122, 126), (122, 59), (119, 50), (50, 60)], [(154, -105), (132, -101), (128, 185), (154, 188)], [(163, 185), (180, 181), (183, -105), (170, -110), (159, -105)], [(286, 190), (267, -184), (227, -182), (193, -40), (205, 187)], [(327, -184), (287, -177), (286, -34), (304, 23), (328, 20)]]
----------------------------------------------------------------------------------------------------------------------------------------------------------------------------------------------


==============================================================================================================================================================================================
Dimensão: (533, 355)
Máximo: 70%
Tempo pré-processamento NFPs: 9.77s
==============================================================================================================================================================================================

----------------------------------------------------------------------------------------------------------------------------------------------------------------------------------------------
RESULTADOS GCG:
GCG: Tempo: 141.33s, Area: 54.29%, Peças: 16/17, Fecho: 76.0%, Box: 92.0%
Peças GCG: [[(174, -155), (-200, -137), (-198, -97), (-56, -62), (171, -74)], [(-191, -53), (-188, -49), (-141, -55), (-119, -65), (-119, -70), (-128, -75), (-191, -78)], [(-188, -44), (-184, -27), (102, -23), (107, -36), (102, -48)], [(105, 3), (101, -19), (-185, -23), (-188, 3)], [(-142, 8), (-135, 48), (8, 50), (65, 32), (62, 8)], [(-192, 12), (-189, 56), (-150, 56), (-142, 53), (-147, 12), (-150, 8)], [(8, 96), (4, 55), (-200, 63), (-200, 84), (-142, 101), (3, 101)], [(-70, 120), (-93, 107), (-189, 105), (-196, 109), (-152, 192), (-137, 191), (-96, 172)], [(-47, 120), (-63, 120), (-66, 123), (-66, 180), (-57, 180), (-27, 153), (-27, 139)], [(10, 106), (-21, 106), (-24, 110), (-22, 171), (-19, 174), (1, 171), (16, 153), (19, 116)], [(54, 55), (30, 49), (22, 51), (13, 96), (14, 103), (38, 112), (48, 110), (55, 64)], [(24, 193), (96, 185), (96, 118), (93, 109), (24, 119)], [(129, 122), (150, 89), (142, -5), (59, 41), (64, 66), (83, 98)], [(112, 128), (101, 137), (101, 175), (120, 194), (140, 194), (144, 191), (145, 173), (143, 130), (140, 127)], [(297, -153), (195, -155), (178, -146), (175, -136), (197, -96), (239, -72), (250, -70), (259, -77)], [(182, -93), (177, 3), (191, 27), (200, 29), (245, 4), (265, -34), (266, -46), (194, -92)]]
----------------------------------------------------------------------------------------------------------------------------------------------------------------------------------------------


==============================================================================================================================================================================================
Dimensão: (499, 332)
Máximo: 80%
Tempo pré-processamento NFPs: 9.77s
==============================================================================================================================================================================================

