==============================================================================================================================================================================================
RESULTADOS GERAIS: 05/02/2025 17:49
==============================================================================================================================================================================================


||||||||||||||||||||||||||||||||||||||||||||||||||||||||||||||||||||||||||||||||||||||||||||||||||||||||||||||||||||||||||||||||||||||||||||||||||||||||||||||||||||||||||||||||||||||||||||||
Instância: embraer_3153
Data e Hora: 05/02/2025 17:49
Margem: True
{'dimensoes': ['50'], 'algoritmos': {'GCG': 0, 'GRASP': 1, 'GRASP_GCG': 0, 'Random_Key': 0}, 'num_execucoes': 2}
||||||||||||||||||||||||||||||||||||||||||||||||||||||||||||||||||||||||||||||||||||||||||||||||||||||||||||||||||||||||||||||||||||||||||||||||||||||||||||||||||||||||||||||||||||||||||||||


==============================================================================================================================================================================================
Dimensão: (553, 369)
Máximo: 50%
Tempo pré-processamento NFPs: 10.82s
==============================================================================================================================================================================================

----------------------------------------------------------------------------------------------------------------------------------------------------------------------------------------------
RESULTADOS GRASP:
GRASP: Tempo: 13.08s, Area: 49.98%, Peças: 17/17, Fecho: 76.11%, Box: 85.95%
Peças GRASP 1: [[(-200, -169), (-200, -101), (-197, -98), (-128, -112), (-131, -169)], [(-123, -112), (-38, -118), (-12, -137), (-13, -151), (-23, -159), (-119, -167)], [(53, 42), (55, -109), (-123, -108), (-161, -80), (-158, -63), (-3, 34)], [(-7, -146), (-7, -115), (-3, -112), (58, -113), (61, -116), (58, -136), (40, -151), (3, -155)], [(64, 54), (105, 50), (97, -154), (76, -154), (59, -96), (59, 49)], [(-165, -72), (-165, -93), (-198, -93), (-198, -77), (-193, -72)], [(110, 50), (150, 43), (151, -100), (133, -157), (109, -154)], [(177, -106), (162, -104), (156, -99), (156, -12), (163, -8), (170, -10), (186, -99)], [(172, -159), (154, -159), (151, -156), (152, -113), (155, -110), (173, -110), (175, -113), (175, -156)], [(194, -18), (184, -18), (158, 12), (155, 51), (157, 61), (183, 64), (195, 61), (198, -14)], [(187, -160), (203, -14), (271, 55), (313, -155)], [(209, 9), (202, 15), (208, 86), (220, 90), (246, 86), (248, 77), (243, 41), (219, 8)], [(93, 77), (93, 92), (117, 109), (205, 109), (201, 69), (105, 66)], [(243, 161), (254, 152), (254, 114), (235, 95), (215, 95), (211, 98), (209, 116), (212, 159), (215, 162)], [(320, 78), (268, 81), (259, 114), (260, 158), (308, 160), (322, 114)], [(-88, 114), (-84, 136), (202, 141), (205, 114)], [(205, 163), (201, 146), (-85, 143), (-90, 156), (-85, 167)]]

GRASP: Tempo: 13.32s, Area: 50.03%, Peças: 17/17, Fecho: 67.12%, Box: 82.93%
Peças GRASP 2: [[(-200, -169), (-196, -147), (90, -142), (93, -169)], [(130, -147), (130, -168), (97, -168), (97, -152), (102, -147)], [(135, -169), (142, -129), (285, -127), (342, -145), (339, -169)], [(139, -119), (135, -136), (-151, -139), (-156, -126), (-151, -115)], [(144, -120), (144, -102), (147, -99), (190, -99), (193, -102), (193, -120), (190, -123), (147, -123)], [(142, -73), (138, -114), (-66, -106), (-66, -85), (-8, -68), (137, -68)], [(196, -68), (281, -74), (307, -93), (306, -107), (296, -115), (200, -123)], [(-180, -100), (-180, -85), (-156, -68), (-68, -68), (-72, -108), (-168, -111)], [(349, -139), (339, -139), (313, -109), (310, -70), (312, -60), (338, -57), (350, -60), (353, -135)], [(141, -63), (143, -48), (148, -42), (235, -41), (239, -48), (237, -55), (148, -72)], [(309, -54), (300, -66), (262, -65), (243, -47), (243, -27), (246, -23), (264, -21), (307, -23), (310, -26)], [(134, 87), (136, -64), (-42, -63), (-80, -35), (-77, -18), (78, 79)], [(140, -36), (140, 32), (143, 35), (212, 21), (209, -36)], [(348, 11), (202, 27), (133, 95), (344, 137)], [(-84, -29), (-84, -60), (-88, -63), (-149, -61), (-152, -58), (-149, -38), (-131, -23), (-94, -20)], [(-141, -13), (-138, 39), (-105, 48), (-61, 48), (-59, 0), (-105, -15)], [(-193, -80), (-200, -74), (-194, -3), (-182, 1), (-156, -3), (-154, -12), (-159, -48), (-183, -81)]]


Estatísticas GRASP:
Tempo - Média: 13.2s, Desvio: 0.12s
Área - Média: 50.0%, Desvio: 0.03%
Peças - Média: 17.0, Desvio: 0.0
Fecho - Média: 71.62%, Desvio: 4.5%
Box - Média: 84.44%, Desvio: 1.51%
----------------------------------------------------------------------------------------------------------------------------------------------------------------------------------------------

