==============================================================================================================================================================================================
RESULTADOS GERAIS: 23/01/2025 19:42
==============================================================================================================================================================================================


||||||||||||||||||||||||||||||||||||||||||||||||||||||||||||||||||||||||||||||||||||||||||||||||||||||||||||||||||||||||||||||||||||||||||||||||||||||||||||||||||||||||||||||||||||||||||||||
Instância: embraer_55
Data e Hora: 23/01/2025 19:42
Margem: True
{'dimensoes': ['50', '60', '70'], 'algoritmos': {'GCG': 1, 'GRASP': 0, 'GRASP_GCG': 0, 'Random_Key': 0}, 'num_execucoes': 1}
||||||||||||||||||||||||||||||||||||||||||||||||||||||||||||||||||||||||||||||||||||||||||||||||||||||||||||||||||||||||||||||||||||||||||||||||||||||||||||||||||||||||||||||||||||||||||||||


==============================================================================================================================================================================================
Dimensão: (522, 348)
Máximo: 50%
Tempo pré-processamento NFPs: 306.01s
==============================================================================================================================================================================================

----------------------------------------------------------------------------------------------------------------------------------------------------------------------------------------------
RESULTADOS GCG:
GCG: Tempo: 577.39s, Area: 24.55%, Peças: 17/19, Fecho: 46.0%, Box: 51.0%
Peças GCG: [[(-178, 60), (-155, 53), (-155, 44), (-162, 44), (-159, -148), (-193, -142), (-192, -106), (-199, -92), (-198, -1)], [(-195, 65), (-197, 76), (-189, 77), (-195, 117), (-180, 119), (-167, 116), (-165, 105), (-171, 105), (-165, 66), (-177, 65), (-177, 68), (-182, 68), (-185, 64)], [(-179, 124), (-179, 129), (-197, 131), (-200, 136), (-199, 169), (-183, 185), (-169, 187), (-162, 169), (-162, 132), (-170, 129), (-171, 124)], [(-91, -148), (-103, -148), (-104, -140), (-153, -133), (-152, -121), (-149, -121), (-148, -64), (-136, -64), (-135, -73), (-84, -77), (-85, -88), (-90, -88)], [(-136, -17), (-125, -17), (-124, -23), (-100, -27), (-106, -66), (-118, -66), (-118, -57), (-146, -53), (-146, -42), (-139, -42)], [(-105, -12), (-144, -10), (-144, -1), (-137, -1), (-132, 191), (-113, 184), (-98, 131)], [(-154, 8), (-150, 182), (-142, 182), (-139, 173), (-144, 117), (-143, 8)], [(-28, -141), (-35, -143), (-35, -148), (-45, -148), (-45, -141), (-78, -141), (-78, -130), (-70, -123), (-61, -123), (-60, -130), (-39, -130), (-38, -128), (-28, -130)], [(-77, -115), (-69, -38), (-53, -23), (-51, -11), (-41, -11), (-32, -22), (-38, -40), (-36, -106), (-30, -107), (-30, -112), (-40, -118), (-51, -118), (-51, -113)], [(-32, -2), (-61, -5), (-69, 1), (-68, 37), (-66, 37), (-63, 52), (-59, 55), (-58, 60), (-48, 59), (-48, 55), (-42, 52), (-42, 49), (-31, 39), (-30, 2)], [(-38, 72), (-48, 73), (-60, 98), (-68, 99), (-60, 184), (-43, 185), (-43, 175), (-28, 174), (-29, 158), (-35, 158), (-35, 92), (-29, 84)], [(-5, 23), (-2, 14), (-5, 5), (-11, -148), (-22, -148), (-16, 23)], [(72, -82), (72, -94), (66, -94), (69, -148), (57, -148), (42, -140), (0, -140), (4, -121), (-1, -75), (12, -75), (12, -82)], [(0, -25), (13, -17), (68, -35), (64, -71), (51, -70), (50, -63), (24, -60), (0, -29)], [(2, 68), (13, 69), (13, 57), (34, 39), (38, -7), (24, -8), (24, -1), (4, -3), (3, 13), (12, 13), (13, 48)], [(36, 138), (39, 126), (29, 102), (30, 73), (19, 72), (15, 79), (9, 81), (10, 92), (16, 92), (23, 141)], [(39, 82), (44, 81), (46, 73), (60, 73), (59, 65), (53, 65), (52, 8), (56, -11), (51, -17), (43, -16), (46, 27), (36, 70)]]
----------------------------------------------------------------------------------------------------------------------------------------------------------------------------------------------


==============================================================================================================================================================================================
Dimensão: (477, 318)
Máximo: 60%
Tempo pré-processamento NFPs: 306.01s
==============================================================================================================================================================================================

----------------------------------------------------------------------------------------------------------------------------------------------------------------------------------------------
RESULTADOS GCG:
GCG: Tempo: 656.48s, Area: 29.37%, Peças: 17/19, Fecho: 56.00000000000001%, Box: 69.0%
Peças GCG: [[(-200, -115), (-192, -38), (-176, -23), (-174, -11), (-164, -11), (-155, -22), (-161, -40), (-159, -106), (-153, -107), (-153, -112), (-163, -118), (-174, -118), (-174, -113)], [(-161, -3), (-200, -1), (-200, 8), (-193, 8), (-188, 200), (-169, 193), (-154, 140)], [(-127, 90), (-104, 83), (-104, 74), (-111, 74), (-108, -118), (-142, -112), (-141, -76), (-148, -62), (-147, 29)], [(-144, 95), (-146, 106), (-138, 107), (-144, 147), (-129, 149), (-116, 146), (-114, 135), (-120, 135), (-114, 96), (-126, 95), (-126, 98), (-131, 98), (-134, 94)], [(-72, -118), (-82, -117), (-94, -92), (-102, -91), (-94, -6), (-77, -5), (-77, -15), (-62, -16), (-63, -32), (-69, -32), (-69, -98), (-63, -106)], [(-81, 4), (-81, 9), (-99, 11), (-102, 16), (-101, 49), (-85, 65), (-71, 67), (-64, 49), (-64, 12), (-72, 9), (-73, 4)], [(-100, 136), (-71, 139), (-63, 133), (-65, 97), (-67, 97), (-69, 82), (-73, 79), (-74, 74), (-84, 75), (-84, 79), (-90, 82), (-90, 85), (-101, 95), (-102, 132)], [(8, -118), (-4, -118), (-4, -112), (-58, -116), (-58, -104), (-50, -89), (-50, -47), (-31, -51), (15, -46), (15, -58), (8, -58)], [(-49, -24), (-42, -22), (-42, -18), (-32, -18), (-32, -24), (1, -25), (1, -36), (-7, -43), (-16, -42), (-17, -35), (-38, -35), (-39, -37), (-49, -35)], [(6, -18), (-6, -18), (-7, -10), (-56, -3), (-55, 9), (-52, 9), (-51, 66), (-39, 66), (-38, 57), (13, 53), (12, 42), (7, 42)], [(-49, 74), (-49, 85), (-43, 86), (-39, 110), (0, 104), (-1, 92), (-10, 92), (-13, 64), (-24, 64), (-24, 71)], [(-3, 181), (5, 168), (-13, 113), (-49, 116), (-48, 130), (-41, 131), (-38, 157), (-7, 181)], [(38, 56), (34, -118), (26, -118), (22, -109), (28, -53), (27, 56)], [(56, 53), (59, 44), (56, 35), (50, -118), (39, -118), (45, 53)], [(96, -117), (85, -118), (85, -106), (64, -89), (60, -43), (74, -42), (74, -49), (94, -47), (95, -62), (86, -62), (85, -97)], [(84, -37), (79, -36), (77, -28), (63, -28), (63, -20), (69, -20), (71, 37), (67, 56), (72, 62), (80, 61), (77, 18), (87, -25)], [(127, -52), (130, -64), (120, -88), (121, -117), (110, -118), (106, -111), (100, -109), (101, -98), (107, -98), (114, -49)]]
----------------------------------------------------------------------------------------------------------------------------------------------------------------------------------------------


==============================================================================================================================================================================================
Dimensão: (441, 294)
Máximo: 70%
Tempo pré-processamento NFPs: 306.01s
==============================================================================================================================================================================================

