==============================================================================================================================================================================================
RESULTADOS GERAIS: 06/02/2025 09:44
==============================================================================================================================================================================================


||||||||||||||||||||||||||||||||||||||||||||||||||||||||||||||||||||||||||||||||||||||||||||||||||||||||||||||||||||||||||||||||||||||||||||||||||||||||||||||||||||||||||||||||||||||||||||||
Instância: embraer_3153
Data e Hora: 06/02/2025 09:44
Margem: True
{'dimensoes': ['50'], 'algoritmos': {'GCG': 0, 'GRASP': 1, 'GRASP_GCG': 0, 'Random_Key': 0}, 'num_execucoes': 3}
||||||||||||||||||||||||||||||||||||||||||||||||||||||||||||||||||||||||||||||||||||||||||||||||||||||||||||||||||||||||||||||||||||||||||||||||||||||||||||||||||||||||||||||||||||||||||||||


==============================================================================================================================================================================================
Dimensão: (553, 369)
Máximo: 50%
Tempo pré-processamento NFPs: 10.93s
==============================================================================================================================================================================================

----------------------------------------------------------------------------------------------------------------------------------------------------------------------------------------------
RESULTADOS GRASP:
GRASP: Tempo: 10.62s, Area: 50.06%, Peças: 17/17, Fecho: 66.06%, Box: 77.36%
Peças GRASP 1: [[(-134, -157), (-143, -169), (-181, -168), (-200, -150), (-200, -130), (-197, -126), (-179, -124), (-136, -126), (-133, -129)], [(-128, -160), (-128, -129), (-124, -126), (-63, -127), (-60, -130), (-63, -150), (-81, -165), (-118, -169)], [(-28, -117), (-179, -119), (-179, 59), (-150, 97), (-133, 94), (-36, -61)], [(-34, -155), (-55, -155), (-55, -122), (-39, -122), (-34, -127)], [(-3, -163), (-21, -163), (-24, -160), (-23, -117), (-20, -114), (-2, -114), (0, -117), (0, -160)], [(-24, -27), (-14, -27), (12, -57), (15, -96), (13, -106), (-13, -109), (-25, -106), (-28, -30)], [(-4, -22), (-56, -19), (-65, 14), (-64, 58), (-16, 60), (-2, 14)], [(-13, 64), (-98, 70), (-124, 89), (-124, 103), (-114, 111), (-17, 119)], [(113, 124), (97, -22), (29, -91), (-13, 120)], [(76, -167), (8, -167), (5, -164), (20, -95), (76, -98)], [(82, -46), (97, -48), (103, -53), (103, -140), (96, -144), (89, -142), (73, -53)], [(151, -84), (110, -80), (118, 124), (139, 124), (156, 66), (156, -79)], [(114, -167), (107, -161), (113, -90), (125, -86), (151, -90), (153, -99), (148, -135), (124, -168)], [(162, 124), (202, 117), (203, -26), (185, -83), (161, -80)], [(165, 151), (161, 129), (-125, 125), (-128, 151)], [(-124, 160), (-120, 177), (166, 181), (171, 168), (166, 156)], [(240, -49), (225, -49), (208, -25), (208, 63), (248, 60), (251, -36)]]

GRASP: Tempo: 9.53s, Area: 50.05%, Peças: 17/17, Fecho: 79.29%, Box: 88.95%
Peças GRASP 2: [[(-200, -169), (-184, -23), (-116, 46), (-74, -164)], [(-152, 44), (-152, 65), (-119, 65), (-119, 49), (-125, 44)], [(-160, 7), (-178, 7), (-181, 10), (-180, 53), (-177, 56), (-159, 56), (-157, 53), (-157, 10)], [(-171, 62), (-178, 68), (-172, 139), (-160, 143), (-134, 139), (-132, 130), (-137, 94), (-161, 61)], [(-106, 68), (-121, 70), (-127, 75), (-127, 162), (-120, 166), (-113, 164), (-97, 75)], [(-87, 102), (-46, 98), (-54, -106), (-75, -106), (-92, -48), (-92, 97)], [(-43, 105), (-95, 108), (-104, 141), (-103, 185), (-55, 187), (-41, 141)], [(-40, 101), (0, 94), (1, -49), (-17, -106), (-41, -103)], [(-8, -143), (-17, -155), (-55, -154), (-74, -136), (-74, -116), (-71, -112), (-53, -110), (-10, -112), (-7, -115)], [(0, 112), (-10, 112), (-36, 142), (-39, 181), (-37, 191), (-11, 194), (1, 191), (4, 116)], [(158, -61), (7, -63), (7, 115), (36, 153), (53, 150), (150, -5)], [(8, -68), (93, -74), (119, -93), (118, -107), (108, -115), (12, -123)], [(121, -136), (121, -151), (97, -168), (9, -168), (12, -128), (109, -125)], [(157, -135), (126, -135), (123, -131), (125, -70), (128, -67), (148, -70), (163, -88), (166, -125)], [(163, -61), (163, 7), (166, 10), (235, -4), (232, -61)], [(7, 157), (11, 179), (297, 184), (300, 157)], [(259, -142), (242, -138), (239, 148), (252, 153), (263, 148)]]

GRASP: Tempo: 10.64s, Area: 49.99%, Peças: 17/17, Fecho: 68.32%, Box: 85.92%
Peças GRASP 3: [[(-200, -160), (-200, -129), (-196, -126), (-135, -127), (-132, -130), (-135, -150), (-153, -165), (-190, -169)], [(-128, -121), (-196, -121), (-199, -118), (-184, -49), (-128, -52)], [(-184, -44), (-178, 41), (-159, 67), (-145, 67), (-137, 57), (-129, -39)], [(-134, 153), (-127, 146), (-133, 75), (-145, 71), (-171, 75), (-173, 84), (-168, 121), (-144, 153)], [(-122, 146), (-100, 142), (-96, -144), (-122, -147)], [(59, -141), (-92, -143), (-92, 35), (-63, 73), (-46, 70), (51, -85)], [(-73, 67), (-91, 67), (-94, 70), (-93, 113), (-90, 116), (-72, 116), (-70, 113), (-70, 70)], [(-113, 158), (-134, 158), (-134, 191), (-118, 191), (-113, 186)], [(-63, 157), (-53, 157), (-27, 127), (-24, 88), (-26, 78), (-52, 75), (-64, 78), (-67, 154)], [(13, 13), (-2, 13), (-19, 37), (-19, 125), (21, 122), (24, 26)], [(49, -46), (34, -44), (28, -39), (28, 48), (35, 52), (42, 50), (58, -39)], [(101, -119), (60, -115), (68, 89), (89, 89), (106, 31), (106, -114)], [(60, 145), (71, 136), (71, 98), (52, 79), (32, 79), (28, 82), (26, 100), (29, 143), (32, 146)], [(152, -119), (112, -112), (111, 31), (129, 88), (153, 85)], [(76, 98), (79, 150), (112, 159), (156, 159), (158, 111), (112, 96)], [(186, 182), (182, 165), (-104, 162), (-109, 175), (-104, 186)], [(287, 163), (271, 17), (203, -52), (161, 159)]]


Estatísticas GRASP:
Tempo - Média: 10.26s, Desvio: 0.52s
Área - Média: 50.03%, Desvio: 0.03%
Peças - Média: 17.0, Desvio: 0.0
Fecho - Média: 71.22%, Desvio: 5.78%
Box - Média: 84.08%, Desvio: 4.91%
----------------------------------------------------------------------------------------------------------------------------------------------------------------------------------------------


||||||||||||||||||||||||||||||||||||||||||||||||||||||||||||||||||||||||||||||||||||||||||||||||||||||||||||||||||||||||||||||||||||||||||||||||||||||||||||||||||||||||||||||||||||||||||||||
Instância: embraer_3086
Data e Hora: 06/02/2025 09:44
Margem: True
{'dimensoes': ['50'], 'algoritmos': {'GCG': 0, 'GRASP': 1, 'GRASP_GCG': 0, 'Random_Key': 0}, 'num_execucoes': 3}
||||||||||||||||||||||||||||||||||||||||||||||||||||||||||||||||||||||||||||||||||||||||||||||||||||||||||||||||||||||||||||||||||||||||||||||||||||||||||||||||||||||||||||||||||||||||||||||


==============================================================================================================================================================================================
Dimensão: (631, 421)
Máximo: 50%
Tempo pré-processamento NFPs: 11.28s
==============================================================================================================================================================================================

