==============================================================================================================================================================================================
RESULTADOS GERAIS: 04/02/2025 22:42
==============================================================================================================================================================================================


||||||||||||||||||||||||||||||||||||||||||||||||||||||||||||||||||||||||||||||||||||||||||||||||||||||||||||||||||||||||||||||||||||||||||||||||||||||||||||||||||||||||||||||||||||||||||||||
Instância: embraer_3089
Data e Hora: 04/02/2025 22:42
Margem: True
{'dimensoes': ['60', '70', '80'], 'algoritmos': {'GCG': 1, 'GRASP': 0, 'GRASP_GCG': 0, 'Random_Key': 0}, 'num_execucoes': 1}
||||||||||||||||||||||||||||||||||||||||||||||||||||||||||||||||||||||||||||||||||||||||||||||||||||||||||||||||||||||||||||||||||||||||||||||||||||||||||||||||||||||||||||||||||||||||||||||


==============================================================================================================================================================================================
Dimensão: (549, 366)
Máximo: 60%
Tempo pré-processamento NFPs: 9.56s
==============================================================================================================================================================================================

----------------------------------------------------------------------------------------------------------------------------------------------------------------------------------------------
RESULTADOS GCG:
GCG: Tempo: 122.95s, Area: 60.02%, Peças: 18/18, Fecho: 82.0%, Box: 90.0%
Peças GCG: [[(29, -166), (-199, -166), (-200, -56), (29, -104)], [(-135, -13), (-76, 12), (-19, 12), (-9, -12), (-9, -52), (-18, -76), (-83, -76), (-134, -47)], [(-199, -51), (-199, 17), (-151, 18), (-150, -50)], [(-199, 21), (-196, 68), (-58, 53), (-59, 26)], [(-58, 58), (-177, 71), (-178, 118), (-58, 119)], [(-2, 17), (-53, 18), (-53, 107), (-5, 105)], [(-51, 130), (-58, 124), (-156, 124), (-164, 131), (-164, 169), (-154, 176), (-57, 183), (-51, 176)], [(-10, 111), (-22, 111), (-46, 136), (-46, 179), (-44, 181), (-14, 179), (-8, 137), (-7, 113)], [(235, -158), (227, -166), (36, -163), (29, -154), (29, -118), (36, -111), (229, -118), (236, -125)], [(220, -106), (214, -112), (36, -106), (36, -74), (220, -69)], [(30, -30), (220, -30), (220, -64), (30, -68)], [(30, -26), (30, 4), (216, 2), (214, -23)], [(127, 9), (30, 9), (29, 53), (127, 47)], [(188, 58), (182, 53), (78, 55), (56, 81), (59, 110), (77, 129), (182, 131), (188, 125)], [(130, 135), (43, 135), (42, 182), (130, 180)], [(202, 44), (202, 32), (177, 8), (134, 8), (132, 10), (134, 40), (177, 46), (201, 47)], [(319, -166), (259, -166), (237, -144), (237, -104), (260, -82), (319, -83)], [(260, -77), (252, -64), (237, 49), (247, 57), (306, 56), (313, 49), (313, -65), (306, -77)]]
----------------------------------------------------------------------------------------------------------------------------------------------------------------------------------------------


==============================================================================================================================================================================================
Dimensão: (508, 338)
Máximo: 70%
Tempo pré-processamento NFPs: 9.56s
==============================================================================================================================================================================================

----------------------------------------------------------------------------------------------------------------------------------------------------------------------------------------------
RESULTADOS GCG:
GCG: Tempo: 109.23s, Area: 70.2%, Peças: 18/18, Fecho: 94.0%, Box: 99.0%
Peças GCG: [[(29, -138), (-199, -138), (-200, -28), (29, -76)], [(-135, 15), (-76, 40), (-19, 40), (-9, 16), (-9, -24), (-18, -48), (-83, -48), (-134, -19)], [(-199, -23), (-199, 45), (-151, 46), (-150, -22)], [(-199, 49), (-196, 96), (-58, 81), (-59, 54)], [(-58, 86), (-177, 99), (-178, 146), (-58, 147)], [(-2, 45), (-53, 46), (-53, 135), (-5, 133)], [(-58, 152), (-155, 152), (-156, 196), (-58, 190)], [(-53, 148), (-53, 160), (-28, 184), (15, 184), (17, 182), (15, 152), (-28, 146), (-52, 145)], [(235, -130), (227, -138), (36, -135), (29, -126), (29, -90), (36, -83), (229, -90), (236, -97)], [(220, -78), (214, -84), (36, -78), (36, -46), (220, -41)], [(30, -2), (220, -2), (220, -36), (30, -40)], [(30, 2), (30, 32), (216, 30), (214, 5)], [(222, 40), (216, 35), (112, 37), (90, 63), (93, 92), (111, 111), (216, 113), (222, 107)], [(49, 107), (61, 107), (85, 82), (85, 39), (83, 37), (53, 39), (47, 82), (46, 106)], [(57, 166), (64, 172), (162, 172), (170, 165), (169, 127), (159, 120), (63, 113), (57, 120)], [(236, -138), (236, -51), (283, -50), (281, -138)], [(280, 88), (288, 76), (303, -38), (293, -46), (234, -45), (227, -37), (227, 77), (234, 88)], [(258, 200), (258, 140), (236, 118), (196, 119), (174, 141), (175, 200)]]
----------------------------------------------------------------------------------------------------------------------------------------------------------------------------------------------


==============================================================================================================================================================================================
Dimensão: (475, 317)
Máximo: 80%
Tempo pré-processamento NFPs: 9.56s
==============================================================================================================================================================================================

----------------------------------------------------------------------------------------------------------------------------------------------------------------------------------------------
RESULTADOS GCG:
GCG: Tempo: 107.93s, Area: 74.15%, Peças: 17/18, Fecho: 94.0%, Box: 100.0%
Peças GCG: [[(29, -117), (-199, -117), (-200, -7), (29, -55)], [(-135, 36), (-76, 61), (-19, 61), (-9, 37), (-9, -3), (-18, -27), (-83, -27), (-134, 2)], [(-199, -2), (-199, 66), (-151, 67), (-150, -1)], [(-199, 70), (-196, 117), (-58, 102), (-59, 75)], [(-58, 107), (-177, 120), (-178, 167), (-58, 168)], [(-2, 66), (-53, 67), (-53, 156), (-5, 154)], [(16, 197), (16, 185), (-9, 161), (-52, 161), (-54, 163), (-52, 193), (-9, 199), (15, 200)], [(235, -109), (227, -117), (36, -114), (29, -105), (29, -69), (36, -62), (229, -69), (236, -76)], [(220, -57), (214, -63), (36, -57), (36, -25), (220, -20)], [(30, 18), (220, 18), (220, -16), (30, -20)], [(30, 23), (30, 53), (216, 51), (214, 26)], [(127, 58), (30, 58), (29, 102), (127, 96)], [(136, 57), (132, 63), (133, 167), (160, 189), (189, 186), (208, 168), (209, 63), (203, 57)], [(127, 105), (67, 105), (45, 127), (45, 167), (68, 189), (127, 188)], [(272, -117), (260, -117), (236, -92), (236, -49), (238, -47), (268, -49), (274, -91), (275, -115)], [(220, 56), (214, 63), (214, 161), (221, 169), (259, 169), (266, 159), (273, 63), (266, 56)], [(225, -42), (225, 45), (272, 46), (270, -42)]]
----------------------------------------------------------------------------------------------------------------------------------------------------------------------------------------------


||||||||||||||||||||||||||||||||||||||||||||||||||||||||||||||||||||||||||||||||||||||||||||||||||||||||||||||||||||||||||||||||||||||||||||||||||||||||||||||||||||||||||||||||||||||||||||||
Instância: embraer_3086
Data e Hora: 04/02/2025 22:42
Margem: True
{'dimensoes': ['60', '70', '80'], 'algoritmos': {'GCG': 1, 'GRASP': 0, 'GRASP_GCG': 0, 'Random_Key': 0}, 'num_execucoes': 1}
||||||||||||||||||||||||||||||||||||||||||||||||||||||||||||||||||||||||||||||||||||||||||||||||||||||||||||||||||||||||||||||||||||||||||||||||||||||||||||||||||||||||||||||||||||||||||||||


==============================================================================================================================================================================================
Dimensão: (576, 384)
Máximo: 60%
Tempo pré-processamento NFPs: 9.52s
==============================================================================================================================================================================================

----------------------------------------------------------------------------------------------------------------------------------------------------------------------------------------------
RESULTADOS GCG:
GCG: Tempo: 148.85s, Area: 59.9%, Peças: 17/17, Fecho: 88.0%, Box: 90.0%
Peças GCG: [[(-200, -110), (-21, -92), (87, -97), (179, -116), (191, -162), (176, -174), (-199, -184)], [(-174, -74), (-171, -70), (-124, -76), (-102, -86), (-102, -91), (-111, -96), (-174, -99)], [(37, -32), (33, -73), (-171, -65), (-171, -44), (-113, -27), (32, -27)], [(-41, -8), (-64, -21), (-160, -23), (-167, -19), (-123, 64), (-108, 63), (-67, 44)], [(-161, 71), (-150, 62), (-150, 24), (-169, 5), (-189, 5), (-193, 8), (-195, 26), (-192, 69), (-189, 72)], [(-129, 96), (-129, 80), (-132, 77), (-189, 77), (-189, 86), (-162, 116), (-148, 116)], [(-166, 120), (-197, 120), (-200, 124), (-198, 185), (-195, 188), (-175, 185), (-160, 167), (-157, 130)], [(-122, 68), (-127, 164), (-113, 188), (-104, 190), (-59, 165), (-39, 127), (-38, 115), (-110, 69)], [(-26, -17), (-47, 16), (-39, 110), (44, 65), (39, 40), (20, 8)], [(42, -68), (40, 34), (49, 51), (59, 54), (99, 32), (123, -9), (125, -20), (118, -29)], [(-3, 134), (-27, 128), (-35, 130), (-44, 175), (-43, 182), (-19, 191), (-9, 189), (-2, 143)], [(1, 137), (45, 134), (45, 95), (42, 87), (1, 92), (-3, 95)], [(50, 134), (122, 126), (122, 59), (119, 50), (50, 60)], [(154, -105), (132, -101), (128, 185), (154, 188)], [(163, 185), (180, 181), (183, -105), (170, -110), (159, -105)], [(286, 190), (267, -184), (227, -182), (193, -40), (205, 187)], [(327, -184), (287, -177), (286, -34), (304, 23), (328, 20)]]
----------------------------------------------------------------------------------------------------------------------------------------------------------------------------------------------


==============================================================================================================================================================================================
Dimensão: (533, 355)
Máximo: 70%
Tempo pré-processamento NFPs: 9.52s
==============================================================================================================================================================================================

----------------------------------------------------------------------------------------------------------------------------------------------------------------------------------------------
RESULTADOS GCG:
GCG: Tempo: 141.3s, Area: 54.31%, Peças: 16/17, Fecho: 78.0%, Box: 92.0%
Peças GCG: [[(174, -155), (-200, -137), (-198, -97), (-56, -62), (171, -74)], [(-191, -53), (-188, -49), (-141, -55), (-119, -65), (-119, -70), (-128, -75), (-191, -78)], [(-188, -44), (-184, -27), (102, -23), (107, -36), (102, -48)], [(105, 3), (101, -19), (-185, -23), (-188, 3)], [(-142, 8), (-135, 48), (8, 50), (65, 32), (62, 8)], [(-192, 12), (-189, 56), (-150, 56), (-142, 53), (-147, 12), (-150, 8)], [(8, 96), (4, 55), (-200, 63), (-200, 84), (-142, 101), (3, 101)], [(-70, 120), (-93, 107), (-189, 105), (-196, 109), (-152, 192), (-137, 191), (-96, 172)], [(-47, 120), (-63, 120), (-66, 123), (-66, 180), (-57, 180), (-27, 153), (-27, 139)], [(10, 106), (-21, 106), (-24, 110), (-22, 171), (-19, 174), (1, 171), (16, 153), (19, 116)], [(54, 55), (30, 49), (22, 51), (13, 96), (14, 103), (38, 112), (48, 110), (55, 64)], [(24, 193), (96, 185), (96, 118), (93, 109), (24, 119)], [(129, 122), (150, 89), (142, -5), (59, 41), (64, 66), (83, 98)], [(112, 128), (101, 137), (101, 175), (120, 194), (140, 194), (144, 191), (145, 173), (143, 130), (140, 127)], [(297, -150), (201, -155), (177, -141), (175, -132), (200, -87), (239, -67), (251, -66), (297, -138)], [(198, -82), (196, 20), (205, 37), (215, 40), (255, 18), (279, -23), (281, -34), (274, -43)]]
----------------------------------------------------------------------------------------------------------------------------------------------------------------------------------------------


==============================================================================================================================================================================================
Dimensão: (499, 332)
Máximo: 80%
Tempo pré-processamento NFPs: 9.52s
==============================================================================================================================================================================================

----------------------------------------------------------------------------------------------------------------------------------------------------------------------------------------------
RESULTADOS GCG:
GCG: Tempo: 133.01s, Area: 55.84%, Peças: 14/17, Fecho: 88.0%, Box: 95.0%
Peças GCG: [[(-200, -58), (-21, -40), (87, -45), (179, -64), (191, -110), (176, -122), (-199, -132)], [(-174, -22), (-171, -18), (-124, -24), (-102, -34), (-102, -39), (-111, -44), (-174, -47)], [(37, 19), (33, -22), (-171, -14), (-171, 7), (-113, 24), (32, 24)], [(-41, 43), (-64, 30), (-160, 28), (-167, 32), (-123, 115), (-108, 114), (-67, 95)], [(-161, 123), (-150, 114), (-150, 76), (-169, 57), (-189, 57), (-193, 60), (-195, 78), (-192, 121), (-189, 124)], [(-129, 148), (-129, 132), (-132, 129), (-189, 129), (-189, 138), (-162, 168), (-148, 168)], [(-90, 120), (-121, 120), (-124, 124), (-122, 185), (-119, 188), (-99, 185), (-84, 167), (-81, 130)], [(-74, 149), (-30, 146), (-30, 107), (-33, 99), (-74, 104), (-78, 107)], [(76, 49), (-20, 44), (-44, 58), (-46, 67), (-21, 112), (18, 132), (30, 133), (76, 61)], [(162, -22), (129, -43), (35, -35), (80, 48), (106, 43), (138, 24)], [(-76, 156), (-82, 179), (-80, 187), (-35, 196), (-28, 195), (-19, 172), (-21, 162), (-67, 154)], [(114, 199), (116, 97), (107, 80), (97, 77), (57, 100), (33, 141), (31, 152), (38, 161)], [(276, -60), (268, -132), (201, -132), (192, -129), (201, -60)], [(216, 152), (256, 145), (257, 2), (239, -55), (215, -52)]]
----------------------------------------------------------------------------------------------------------------------------------------------------------------------------------------------


||||||||||||||||||||||||||||||||||||||||||||||||||||||||||||||||||||||||||||||||||||||||||||||||||||||||||||||||||||||||||||||||||||||||||||||||||||||||||||||||||||||||||||||||||||||||||||||
Instância: embraer_3274
Data e Hora: 04/02/2025 22:42
Margem: True
{'dimensoes': ['60', '70', '80'], 'algoritmos': {'GCG': 1, 'GRASP': 0, 'GRASP_GCG': 0, 'Random_Key': 0}, 'num_execucoes': 1}
||||||||||||||||||||||||||||||||||||||||||||||||||||||||||||||||||||||||||||||||||||||||||||||||||||||||||||||||||||||||||||||||||||||||||||||||||||||||||||||||||||||||||||||||||||||||||||||


==============================================================================================================================================================================================
Dimensão: (498, 332)
Máximo: 60%
Tempo pré-processamento NFPs: 8.89s
==============================================================================================================================================================================================

----------------------------------------------------------------------------------------------------------------------------------------------------------------------------------------------
RESULTADOS GCG:
GCG: Tempo: 113.97s, Area: 56.45%, Peças: 15/16, Fecho: 91.0%, Box: 97.0%
Peças GCG: [[(-200, -26), (-141, 11), (136, -45), (134, -114), (-81, -132), (-180, -68)], [(-173, 39), (-170, 43), (-123, 37), (-101, 27), (-101, 22), (-110, 17), (-173, 14)], [(-91, 49), (-98, 42), (-169, 48), (-173, 60), (-169, 86), (-160, 88), (-124, 83), (-91, 59)], [(-184, 125), (-175, 136), (-137, 136), (-118, 117), (-118, 97), (-121, 93), (-139, 91), (-182, 94), (-185, 97)], [(-45, 163), (-24, 130), (-32, 36), (-115, 82), (-110, 107), (-91, 139)], [(81, -4), (-15, -9), (-39, 5), (-41, 14), (-16, 59), (23, 79), (35, 80), (81, 8)], [(12, 77), (-19, 77), (-22, 81), (-20, 142), (-17, 145), (3, 142), (18, 124), (21, 87)], [(-184, 196), (-99, 190), (-73, 171), (-74, 157), (-84, 149), (-180, 141)], [(-31, 197), (13, 194), (13, 155), (10, 147), (-31, 152), (-35, 155)], [(19, 181), (71, 178), (79, 145), (79, 101), (31, 99), (17, 145)], [(133, 122), (135, 20), (126, 3), (116, 0), (76, 23), (52, 64), (50, 75), (57, 84)], [(119, 136), (95, 130), (87, 132), (78, 177), (79, 184), (103, 193), (113, 191), (120, 145)], [(263, -117), (240, -130), (144, -132), (137, -128), (181, -45), (196, -46), (237, -65)], [(140, -38), (140, -28), (170, -2), (209, 1), (219, -1), (222, -27), (218, -39), (143, -42)], [(289, -132), (267, -128), (263, 158), (289, 161)]]
----------------------------------------------------------------------------------------------------------------------------------------------------------------------------------------------


==============================================================================================================================================================================================
Dimensão: (461, 307)
Máximo: 70%
Tempo pré-processamento NFPs: 8.89s
==============================================================================================================================================================================================

----------------------------------------------------------------------------------------------------------------------------------------------------------------------------------------------
RESULTADOS GCG:
GCG: Tempo: 106.41s, Area: 61.01%, Peças: 14/16, Fecho: 90.0%, Box: 98.0%
Peças GCG: [[(-200, -1), (-141, 36), (136, -20), (134, -89), (-81, -107), (-180, -43)], [(-173, 64), (-170, 68), (-123, 62), (-101, 52), (-101, 47), (-110, 42), (-173, 39)], [(-91, 74), (-98, 67), (-169, 73), (-173, 85), (-169, 111), (-160, 113), (-124, 108), (-91, 84)], [(-89, 30), (-83, 115), (-64, 141), (-50, 141), (-42, 131), (-34, 35)], [(89, 32), (56, 11), (-38, 19), (7, 102), (33, 97), (65, 78)], [(-164, 122), (-164, 132), (-134, 158), (-95, 161), (-85, 159), (-82, 133), (-86, 121), (-161, 118)], [(-42, 188), (10, 185), (18, 152), (18, 108), (-30, 106), (-44, 152)], [(56, 104), (25, 104), (22, 108), (24, 169), (27, 172), (47, 169), (62, 151), (65, 114)], [(104, 133), (80, 127), (72, 129), (63, 174), (64, 181), (88, 190), (98, 188), (105, 142)], [(86, 60), (75, 69), (75, 107), (94, 126), (114, 126), (118, 123), (119, 105), (117, 62), (114, 59)], [(-194, 152), (-191, 196), (-152, 196), (-144, 193), (-149, 152), (-152, 148)], [(258, -102), (162, -107), (138, -93), (136, -84), (161, -39), (200, -19), (212, -18), (258, -90)], [(159, -34), (157, 68), (166, 85), (176, 88), (216, 66), (240, 25), (242, 14), (235, 5)], [(209, 195), (222, 172), (224, 76), (220, 69), (137, 114), (138, 129), (157, 169)]]
----------------------------------------------------------------------------------------------------------------------------------------------------------------------------------------------


==============================================================================================================================================================================================
Dimensão: (431, 287)
Máximo: 80%
Tempo pré-processamento NFPs: 8.89s
==============================================================================================================================================================================================

