==============================================================================================================================================================================================
RESULTADOS GERAIS: 04/02/2025 18:30
==============================================================================================================================================================================================


||||||||||||||||||||||||||||||||||||||||||||||||||||||||||||||||||||||||||||||||||||||||||||||||||||||||||||||||||||||||||||||||||||||||||||||||||||||||||||||||||||||||||||||||||||||||||||||
Instância: embraer_3089
Data e Hora: 04/02/2025 18:30
Margem: True
{'dimensoes': ['60', '70', '80'], 'algoritmos': {'GCG': 1, 'GRASP': 0, 'GRASP_GCG': 0, 'Random_Key': 0}, 'num_execucoes': 1}
||||||||||||||||||||||||||||||||||||||||||||||||||||||||||||||||||||||||||||||||||||||||||||||||||||||||||||||||||||||||||||||||||||||||||||||||||||||||||||||||||||||||||||||||||||||||||||||


==============================================================================================================================================================================================
Dimensão: (549, 366)
Máximo: 60%
Tempo pré-processamento NFPs: 10.28s
==============================================================================================================================================================================================

----------------------------------------------------------------------------------------------------------------------------------------------------------------------------------------------
RESULTADOS GCG:
GCG: Tempo: 123.38s, Area: 60.02%, Peças: 18/18, Fecho: 82.0%, Box: 91.0%
Peças GCG: [[(29, -166), (-199, -166), (-200, -56), (29, -104)], [(-135, -13), (-76, 12), (-19, 12), (-9, -12), (-9, -52), (-18, -76), (-83, -76), (-134, -47)], [(-199, -51), (-199, 17), (-151, 18), (-150, -50)], [(-199, 21), (-196, 68), (-58, 53), (-59, 26)], [(-58, 58), (-177, 71), (-178, 118), (-58, 119)], [(-2, 17), (-53, 18), (-53, 107), (-5, 105)], [(-51, 130), (-58, 124), (-156, 124), (-164, 131), (-164, 169), (-154, 176), (-57, 183), (-51, 176)], [(-10, 111), (-22, 111), (-46, 136), (-46, 179), (-44, 181), (-14, 179), (-8, 137), (-7, 113)], [(237, -158), (229, -166), (38, -163), (31, -154), (31, -118), (38, -111), (231, -118), (238, -125)], [(222, -106), (216, -112), (38, -106), (38, -74), (222, -69)], [(32, -30), (222, -30), (222, -64), (32, -68)], [(32, -26), (32, 4), (218, 2), (216, -23)], [(129, 9), (32, 9), (31, 53), (129, 47)], [(191, 58), (185, 53), (81, 55), (59, 81), (62, 110), (80, 129), (185, 131), (191, 125)], [(132, 135), (45, 135), (44, 182), (132, 180)], [(204, 44), (204, 32), (179, 8), (136, 8), (134, 10), (136, 40), (179, 46), (203, 47)], [(323, -166), (263, -166), (241, -144), (241, -104), (264, -82), (323, -83)], [(264, -77), (256, -64), (241, 49), (251, 57), (310, 56), (317, 49), (317, -65), (310, -77)]]
----------------------------------------------------------------------------------------------------------------------------------------------------------------------------------------------


==============================================================================================================================================================================================
Dimensão: (508, 338)
Máximo: 70%
Tempo pré-processamento NFPs: 10.28s
==============================================================================================================================================================================================

----------------------------------------------------------------------------------------------------------------------------------------------------------------------------------------------
RESULTADOS GCG:
GCG: Tempo: 110.04s, Area: 70.2%, Peças: 18/18, Fecho: 94.0%, Box: 99.0%
Peças GCG: [[(29, -138), (-199, -138), (-200, -28), (29, -76)], [(-135, 15), (-76, 40), (-19, 40), (-9, 16), (-9, -24), (-18, -48), (-83, -48), (-134, -19)], [(-199, -23), (-199, 45), (-151, 46), (-150, -22)], [(-199, 49), (-196, 96), (-58, 81), (-59, 54)], [(-58, 86), (-177, 99), (-178, 146), (-58, 147)], [(-2, 45), (-53, 46), (-53, 135), (-5, 133)], [(-58, 152), (-155, 152), (-156, 196), (-58, 190)], [(-53, 148), (-53, 160), (-28, 184), (15, 184), (17, 182), (15, 152), (-28, 146), (-52, 145)], [(237, -130), (229, -138), (38, -135), (31, -126), (31, -90), (38, -83), (231, -90), (238, -97)], [(222, -78), (216, -84), (38, -78), (38, -46), (222, -41)], [(32, -2), (222, -2), (222, -36), (32, -40)], [(32, 2), (32, 32), (218, 30), (216, 5)], [(224, 40), (218, 35), (114, 37), (92, 63), (95, 92), (113, 111), (218, 113), (224, 107)], [(51, 107), (63, 107), (87, 82), (87, 39), (85, 37), (55, 39), (49, 82), (48, 106)], [(59, 166), (66, 172), (164, 172), (172, 165), (171, 127), (161, 120), (65, 113), (59, 120)], [(240, -138), (240, -51), (287, -50), (285, -138)], [(282, 88), (290, 76), (305, -38), (295, -46), (236, -45), (229, -37), (229, 77), (236, 88)], [(261, 200), (261, 140), (239, 118), (199, 119), (177, 141), (178, 200)]]
----------------------------------------------------------------------------------------------------------------------------------------------------------------------------------------------


==============================================================================================================================================================================================
Dimensão: (475, 317)
Máximo: 80%
Tempo pré-processamento NFPs: 10.28s
==============================================================================================================================================================================================

----------------------------------------------------------------------------------------------------------------------------------------------------------------------------------------------
RESULTADOS GCG:
GCG: Tempo: 110.04s, Area: 70.06%, Peças: 16/18, Fecho: 91.0%, Box: 97.0%
Peças GCG: [[(29, -117), (-199, -117), (-200, -7), (29, -55)], [(-135, 36), (-76, 61), (-19, 61), (-9, 37), (-9, -3), (-18, -27), (-83, -27), (-134, 2)], [(-199, -2), (-199, 66), (-151, 67), (-150, -1)], [(-199, 70), (-196, 117), (-58, 102), (-59, 75)], [(-58, 107), (-177, 120), (-178, 167), (-58, 168)], [(-2, 66), (-53, 67), (-53, 156), (-5, 154)], [(16, 197), (16, 185), (-9, 161), (-52, 161), (-54, 163), (-52, 193), (-9, 199), (15, 200)], [(237, -109), (229, -117), (38, -114), (31, -105), (31, -69), (38, -62), (231, -69), (238, -76)], [(222, -57), (216, -63), (38, -57), (38, -25), (222, -20)], [(32, 18), (222, 18), (222, -16), (32, -20)], [(32, 23), (32, 53), (218, 51), (216, 26)], [(129, 58), (32, 58), (31, 102), (129, 96)], [(138, 57), (134, 63), (135, 167), (162, 189), (191, 186), (210, 168), (211, 63), (205, 57)], [(130, 105), (70, 105), (48, 127), (48, 167), (71, 189), (130, 188)], [(216, 63), (216, 150), (263, 151), (261, 63)], [(227, 58), (239, 58), (263, 33), (263, -10), (261, -12), (231, -10), (225, 33), (224, 57)]]
----------------------------------------------------------------------------------------------------------------------------------------------------------------------------------------------


||||||||||||||||||||||||||||||||||||||||||||||||||||||||||||||||||||||||||||||||||||||||||||||||||||||||||||||||||||||||||||||||||||||||||||||||||||||||||||||||||||||||||||||||||||||||||||||
Instância: embraer_3086
Data e Hora: 04/02/2025 18:30
Margem: True
{'dimensoes': ['60', '70', '80'], 'algoritmos': {'GCG': 1, 'GRASP': 0, 'GRASP_GCG': 0, 'Random_Key': 0}, 'num_execucoes': 1}
||||||||||||||||||||||||||||||||||||||||||||||||||||||||||||||||||||||||||||||||||||||||||||||||||||||||||||||||||||||||||||||||||||||||||||||||||||||||||||||||||||||||||||||||||||||||||||||


==============================================================================================================================================================================================
Dimensão: (576, 384)
Máximo: 60%
Tempo pré-processamento NFPs: 36.86s
==============================================================================================================================================================================================

----------------------------------------------------------------------------------------------------------------------------------------------------------------------------------------------
RESULTADOS GCG:
GCG: Tempo: 151.02s, Area: 59.9%, Peças: 17/17, Fecho: 88.0%, Box: 90.0%
Peças GCG: [[(-200, -110), (-21, -92), (87, -97), (179, -116), (191, -162), (176, -174), (-199, -184)], [(-174, -74), (-171, -70), (-124, -76), (-102, -86), (-102, -91), (-111, -96), (-174, -99)], [(37, -32), (33, -73), (-171, -65), (-171, -44), (-113, -27), (32, -27)], [(-41, -8), (-64, -21), (-160, -23), (-167, -19), (-123, 64), (-108, 63), (-67, 44)], [(-161, 71), (-150, 62), (-150, 24), (-169, 5), (-189, 5), (-193, 8), (-195, 26), (-192, 69), (-189, 72)], [(-129, 96), (-129, 80), (-132, 77), (-189, 77), (-189, 86), (-162, 116), (-148, 116)], [(-166, 120), (-197, 120), (-200, 124), (-198, 185), (-195, 188), (-175, 185), (-160, 167), (-157, 130)], [(-122, 68), (-127, 164), (-113, 188), (-104, 190), (-59, 165), (-39, 127), (-38, 115), (-110, 69)], [(-26, -17), (-47, 16), (-39, 110), (44, 65), (39, 40), (20, 8)], [(42, -68), (40, 34), (49, 51), (59, 54), (99, 32), (123, -9), (125, -20), (118, -29)], [(-3, 134), (-27, 128), (-35, 130), (-44, 175), (-43, 182), (-19, 191), (-9, 189), (-2, 143)], [(1, 137), (45, 134), (45, 95), (42, 87), (1, 92), (-3, 95)], [(50, 134), (122, 126), (122, 59), (119, 50), (50, 60)], [(154, -105), (132, -101), (128, 185), (154, 188)], [(163, 185), (180, 181), (183, -105), (170, -110), (159, -105)], [(289, 190), (270, -184), (230, -182), (196, -40), (208, 187)], [(331, -184), (291, -177), (290, -34), (308, 23), (332, 20)]]
----------------------------------------------------------------------------------------------------------------------------------------------------------------------------------------------


==============================================================================================================================================================================================
Dimensão: (533, 355)
Máximo: 70%
Tempo pré-processamento NFPs: 36.86s
==============================================================================================================================================================================================

----------------------------------------------------------------------------------------------------------------------------------------------------------------------------------------------
RESULTADOS GCG:
GCG: Tempo: 143.34s, Area: 54.31%, Peças: 16/17, Fecho: 79.0%, Box: 92.0%
Peças GCG: [[(174, -155), (-200, -137), (-198, -97), (-56, -62), (171, -74)], [(-191, -53), (-188, -49), (-141, -55), (-119, -65), (-119, -70), (-128, -75), (-191, -78)], [(-188, -44), (-184, -27), (102, -23), (107, -36), (102, -48)], [(105, 3), (101, -19), (-185, -23), (-188, 3)], [(-142, 8), (-135, 48), (8, 50), (65, 32), (62, 8)], [(-192, 12), (-189, 56), (-150, 56), (-142, 53), (-147, 12), (-150, 8)], [(8, 96), (4, 55), (-200, 63), (-200, 84), (-142, 101), (3, 101)], [(-70, 120), (-93, 107), (-189, 105), (-196, 109), (-152, 192), (-137, 191), (-96, 172)], [(-47, 120), (-63, 120), (-66, 123), (-66, 180), (-57, 180), (-27, 153), (-27, 139)], [(10, 106), (-21, 106), (-24, 110), (-22, 171), (-19, 174), (1, 171), (16, 153), (19, 116)], [(54, 55), (30, 49), (22, 51), (13, 96), (14, 103), (38, 112), (48, 110), (55, 64)], [(24, 193), (96, 185), (96, 118), (93, 109), (24, 119)], [(129, 122), (150, 89), (142, -5), (59, 41), (64, 66), (83, 98)], [(112, 128), (101, 137), (101, 175), (120, 194), (140, 194), (144, 191), (145, 173), (143, 130), (140, 127)], [(301, -150), (205, -155), (181, -141), (179, -132), (204, -87), (243, -67), (255, -66), (301, -138)], [(201, -82), (199, 20), (208, 37), (218, 40), (258, 18), (282, -23), (284, -34), (277, -43)]]
----------------------------------------------------------------------------------------------------------------------------------------------------------------------------------------------


==============================================================================================================================================================================================
Dimensão: (499, 332)
Máximo: 80%
Tempo pré-processamento NFPs: 36.86s
==============================================================================================================================================================================================

----------------------------------------------------------------------------------------------------------------------------------------------------------------------------------------------
RESULTADOS GCG:
GCG: Tempo: 134.94s, Area: 55.84%, Peças: 14/17, Fecho: 89.0%, Box: 96.0%
Peças GCG: [[(-200, -58), (-21, -40), (87, -45), (179, -64), (191, -110), (176, -122), (-199, -132)], [(-174, -22), (-171, -18), (-124, -24), (-102, -34), (-102, -39), (-111, -44), (-174, -47)], [(37, 19), (33, -22), (-171, -14), (-171, 7), (-113, 24), (32, 24)], [(-41, 43), (-64, 30), (-160, 28), (-167, 32), (-123, 115), (-108, 114), (-67, 95)], [(-161, 123), (-150, 114), (-150, 76), (-169, 57), (-189, 57), (-193, 60), (-195, 78), (-192, 121), (-189, 124)], [(-129, 148), (-129, 132), (-132, 129), (-189, 129), (-189, 138), (-162, 168), (-148, 168)], [(-90, 120), (-121, 120), (-124, 124), (-122, 185), (-119, 188), (-99, 185), (-84, 167), (-81, 130)], [(-74, 149), (-30, 146), (-30, 107), (-33, 99), (-74, 104), (-78, 107)], [(76, 49), (-20, 44), (-44, 58), (-46, 67), (-21, 112), (18, 132), (30, 133), (76, 61)], [(162, -22), (129, -43), (35, -35), (80, 48), (106, 43), (138, 24)], [(-76, 156), (-82, 179), (-80, 187), (-35, 196), (-28, 195), (-19, 172), (-21, 162), (-67, 154)], [(114, 199), (116, 97), (107, 80), (97, 77), (57, 100), (33, 141), (31, 152), (38, 161)], [(280, -60), (272, -132), (205, -132), (196, -129), (205, -60)], [(220, 152), (260, 145), (261, 2), (243, -55), (219, -52)]]
----------------------------------------------------------------------------------------------------------------------------------------------------------------------------------------------


||||||||||||||||||||||||||||||||||||||||||||||||||||||||||||||||||||||||||||||||||||||||||||||||||||||||||||||||||||||||||||||||||||||||||||||||||||||||||||||||||||||||||||||||||||||||||||||
Instância: embraer_3274
Data e Hora: 04/02/2025 18:30
Margem: True
{'dimensoes': ['60', '70', '80'], 'algoritmos': {'GCG': 1, 'GRASP': 0, 'GRASP_GCG': 0, 'Random_Key': 0}, 'num_execucoes': 1}
||||||||||||||||||||||||||||||||||||||||||||||||||||||||||||||||||||||||||||||||||||||||||||||||||||||||||||||||||||||||||||||||||||||||||||||||||||||||||||||||||||||||||||||||||||||||||||||


==============================================================================================================================================================================================
Dimensão: (498, 332)
Máximo: 60%
Tempo pré-processamento NFPs: 49.38s
==============================================================================================================================================================================================

----------------------------------------------------------------------------------------------------------------------------------------------------------------------------------------------
RESULTADOS GCG:
GCG: Tempo: 115.79s, Area: 56.45%, Peças: 15/16, Fecho: 92.0%, Box: 98.0%
Peças GCG: [[(-200, -26), (-141, 11), (136, -45), (134, -114), (-81, -132), (-180, -68)], [(-173, 39), (-170, 43), (-123, 37), (-101, 27), (-101, 22), (-110, 17), (-173, 14)], [(-91, 49), (-98, 42), (-169, 48), (-173, 60), (-169, 86), (-160, 88), (-124, 83), (-91, 59)], [(-184, 125), (-175, 136), (-137, 136), (-118, 117), (-118, 97), (-121, 93), (-139, 91), (-182, 94), (-185, 97)], [(-45, 163), (-24, 130), (-32, 36), (-115, 82), (-110, 107), (-91, 139)], [(81, -4), (-15, -9), (-39, 5), (-41, 14), (-16, 59), (23, 79), (35, 80), (81, 8)], [(12, 77), (-19, 77), (-22, 81), (-20, 142), (-17, 145), (3, 142), (18, 124), (21, 87)], [(-184, 196), (-99, 190), (-73, 171), (-74, 157), (-84, 149), (-180, 141)], [(-31, 197), (13, 194), (13, 155), (10, 147), (-31, 152), (-35, 155)], [(19, 181), (71, 178), (79, 145), (79, 101), (31, 99), (17, 145)], [(133, 122), (135, 20), (126, 3), (116, 0), (76, 23), (52, 64), (50, 75), (57, 84)], [(119, 136), (95, 130), (87, 132), (78, 177), (79, 184), (103, 193), (113, 191), (120, 145)], [(266, -117), (243, -130), (147, -132), (140, -128), (184, -45), (199, -46), (240, -65)], [(143, -38), (143, -28), (173, -2), (212, 1), (222, -1), (225, -27), (221, -39), (146, -42)], [(293, -132), (271, -128), (267, 158), (293, 161)]]
----------------------------------------------------------------------------------------------------------------------------------------------------------------------------------------------


==============================================================================================================================================================================================
Dimensão: (461, 307)
Máximo: 70%
Tempo pré-processamento NFPs: 49.38s
==============================================================================================================================================================================================

----------------------------------------------------------------------------------------------------------------------------------------------------------------------------------------------
RESULTADOS GCG:
GCG: Tempo: 107.18s, Area: 60.78%, Peças: 14/16, Fecho: 92.0%, Box: 97.0%
Peças GCG: [[(-200, -1), (-141, 36), (136, -20), (134, -89), (-81, -107), (-180, -43)], [(-173, 64), (-170, 68), (-123, 62), (-101, 52), (-101, 47), (-110, 42), (-173, 39)], [(-91, 74), (-98, 67), (-169, 73), (-173, 85), (-169, 111), (-160, 113), (-124, 108), (-91, 84)], [(-89, 30), (-83, 115), (-64, 141), (-50, 141), (-42, 131), (-34, 35)], [(89, 32), (56, 11), (-38, 19), (7, 102), (33, 97), (65, 78)], [(-164, 122), (-164, 132), (-134, 158), (-95, 161), (-85, 159), (-82, 133), (-86, 121), (-161, 118)], [(-42, 188), (10, 185), (18, 152), (18, 108), (-30, 106), (-44, 152)], [(56, 104), (25, 104), (22, 108), (24, 169), (27, 172), (47, 169), (62, 151), (65, 114)], [(104, 133), (80, 127), (72, 129), (63, 174), (64, 181), (88, 190), (98, 188), (105, 142)], [(86, 60), (75, 69), (75, 107), (94, 126), (114, 126), (118, 123), (119, 105), (117, 62), (114, 59)], [(-194, 152), (-191, 196), (-152, 196), (-144, 193), (-149, 152), (-152, 148)], [(154, -107), (141, -85), (139, 11), (143, 18), (226, -26), (225, -41), (206, -81)], [(141, 21), (139, 123), (148, 140), (158, 143), (198, 121), (222, 80), (224, 69), (217, 60)], [(255, -107), (233, -103), (229, 183), (255, 186)]]
----------------------------------------------------------------------------------------------------------------------------------------------------------------------------------------------


==============================================================================================================================================================================================
Dimensão: (431, 287)
Máximo: 80%
Tempo pré-processamento NFPs: 49.38s
==============================================================================================================================================================================================

----------------------------------------------------------------------------------------------------------------------------------------------------------------------------------------------
RESULTADOS GCG:
GCG: Tempo: 93.62s, Area: 64.3%, Peças: 13/16, Fecho: 85.0%, Box: 96.0%
Peças GCG: [[(-200, 19), (-141, 56), (136, 0), (134, -69), (-81, -87), (-180, -23)], [(-173, 84), (-170, 88), (-123, 82), (-101, 72), (-101, 67), (-110, 62), (-173, 59)], [(-91, 94), (-98, 87), (-169, 93), (-173, 105), (-169, 131), (-160, 133), (-124, 128), (-91, 104)], [(23, 66), (-10, 45), (-104, 53), (-59, 136), (-33, 131), (-1, 112)], [(25, 26), (31, 111), (50, 137), (64, 137), (72, 127), (80, 31)], [(-164, 142), (-164, 152), (-134, 178), (-95, 181), (-85, 179), (-82, 153), (-86, 141), (-161, 138)], [(-76, 173), (-67, 184), (-29, 184), (-10, 165), (-10, 145), (-13, 141), (-31, 139), (-74, 142), (-77, 145)], [(27, 119), (-4, 119), (-7, 123), (-5, 184), (-2, 187), (18, 184), (33, 166), (36, 129)], [(84, 141), (40, 144), (40, 183), (43, 191), (84, 187), (88, 184)], [(79, 135), (103, 141), (111, 139), (119, 94), (118, 87), (95, 78), (85, 80), (78, 126)], [(154, -87), (141, -65), (139, 31), (143, 38), (226, -6), (225, -21), (206, -61)], [(223, 102), (220, 50), (187, 42), (143, 42), (141, 90), (187, 104)], [(93, 187), (189, 192), (213, 178), (215, 169), (189, 124), (151, 104), (139, 103), (93, 175)]]
----------------------------------------------------------------------------------------------------------------------------------------------------------------------------------------------


||||||||||||||||||||||||||||||||||||||||||||||||||||||||||||||||||||||||||||||||||||||||||||||||||||||||||||||||||||||||||||||||||||||||||||||||||||||||||||||||||||||||||||||||||||||||||||||
Instância: embraer_3153
Data e Hora: 04/02/2025 18:30
Margem: True
{'dimensoes': ['60', '70', '80'], 'algoritmos': {'GCG': 1, 'GRASP': 0, 'GRASP_GCG': 0, 'Random_Key': 0}, 'num_execucoes': 1}
||||||||||||||||||||||||||||||||||||||||||||||||||||||||||||||||||||||||||||||||||||||||||||||||||||||||||||||||||||||||||||||||||||||||||||||||||||||||||||||||||||||||||||||||||||||||||||||


==============================================================================================================================================================================================
Dimensão: (505, 336)
Máximo: 60%
Tempo pré-processamento NFPs: 43.6s
==============================================================================================================================================================================================

----------------------------------------------------------------------------------------------------------------------------------------------------------------------------------------------
RESULTADOS GCG:
GCG: Tempo: 142.35s, Area: 60.19%, Peças: 17/17, Fecho: 82.0%, Box: 98.0%
Peças GCG: [[(-200, -132), (-196, -115), (90, -111), (95, -124), (90, -136)], [(93, -84), (89, -106), (-197, -110), (-200, -84)], [(91, 71), (93, -80), (-85, -79), (-123, -51), (-120, -34), (35, 63)], [(-127, -45), (-127, -76), (-131, -79), (-192, -77), (-195, -74), (-192, -54), (-174, -39), (-137, -36)], [(-200, -29), (-200, -19), (-170, 7), (-131, 10), (-121, 8), (-118, -18), (-122, -30), (-197, -33)], [(-83, 36), (-85, 21), (-90, 15), (-177, 15), (-181, 22), (-179, 29), (-90, 45)], [(-173, 55), (-169, 96), (35, 89), (35, 68), (-23, 50), (-168, 50)], [(-178, 34), (-199, 34), (-199, 67), (-183, 67), (-178, 62)], [(-169, 101), (-162, 141), (-19, 143), (38, 125), (35, 101)], [(-196, 121), (-178, 121), (-175, 118), (-176, 75), (-179, 72), (-197, 72), (-199, 75), (-199, 118)], [(77, 163), (84, 156), (78, 85), (66, 81), (40, 85), (38, 94), (43, 131), (67, 163)], [(46, 143), (-39, 149), (-65, 168), (-65, 182), (-55, 190), (42, 198)], [(-180, 157), (-180, 172), (-156, 189), (-68, 189), (-72, 149), (-168, 146)], [(98, -136), (114, 10), (182, 79), (224, -131)], [(133, 94), (144, 85), (144, 47), (125, 28), (105, 28), (101, 31), (99, 49), (102, 92), (105, 95)], [(159, 98), (107, 101), (98, 134), (99, 178), (147, 180), (161, 134)], [(225, -136), (225, -68), (228, -65), (297, -79), (294, -136)]]
----------------------------------------------------------------------------------------------------------------------------------------------------------------------------------------------


==============================================================================================================================================================================================
Dimensão: (467, 312)
Máximo: 70%
Tempo pré-processamento NFPs: 43.6s
==============================================================================================================================================================================================

----------------------------------------------------------------------------------------------------------------------------------------------------------------------------------------------
RESULTADOS GCG:
GCG: Tempo: 140.51s, Area: 63.89%, Peças: 15/17, Fecho: 92.0%, Box: 96.0%
Peças GCG: [[(-200, -112), (-196, -90), (90, -85), (93, -112)], [(87, 70), (89, -81), (-89, -80), (-127, -52), (-124, -35), (31, 62)], [(-131, -49), (-131, -80), (-135, -83), (-196, -81), (-199, -78), (-196, -58), (-178, -43), (-141, -40)], [(-111, 1), (-111, -9), (-141, -35), (-180, -38), (-190, -36), (-193, -10), (-190, 2), (-114, 5)], [(-82, 30), (-84, 15), (-89, 9), (-176, 9), (-180, 16), (-178, 23), (-89, 39)], [(-187, 49), (-183, 90), (21, 83), (21, 62), (-37, 44), (-182, 44)], [(-183, 95), (-176, 135), (-33, 137), (24, 119), (21, 95)], [(-150, 144), (-150, 162), (-147, 165), (-104, 165), (-101, 162), (-101, 144), (-104, 141), (-147, 141)], [(-95, 175), (-86, 186), (-48, 186), (-29, 167), (-29, 147), (-32, 143), (-50, 141), (-93, 144), (-96, 147)], [(25, 70), (31, 155), (50, 181), (64, 181), (72, 171), (80, 75)], [(-196, 140), (-196, 161), (-163, 161), (-163, 145), (-169, 140)], [(95, -112), (111, 34), (179, 103), (221, -107)], [(132, 72), (125, 78), (131, 149), (143, 153), (169, 149), (171, 140), (166, 104), (142, 71)], [(244, -112), (227, -108), (224, 178), (237, 183), (248, 178)], [(77, 168), (77, 183), (101, 200), (189, 200), (185, 160), (89, 157)]]
----------------------------------------------------------------------------------------------------------------------------------------------------------------------------------------------


==============================================================================================================================================================================================
Dimensão: (437, 291)
Máximo: 80%
Tempo pré-processamento NFPs: 43.6s
==============================================================================================================================================================================================

----------------------------------------------------------------------------------------------------------------------------------------------------------------------------------------------
RESULTADOS GCG:
GCG: Tempo: 126.83s, Area: 66.02%, Peças: 13/17, Fecho: 85.0%, Box: 93.0%
Peças GCG: [[(-200, -87), (-196, -70), (90, -66), (95, -79), (90, -91)], [(93, -39), (89, -61), (-197, -65), (-200, -39)], [(91, 116), (93, -35), (-85, -34), (-123, -6), (-120, 11), (35, 108)], [(-127, -1), (-127, -32), (-131, -35), (-192, -33), (-195, -30), (-192, -10), (-174, 5), (-137, 8)], [(-200, 16), (-200, 26), (-170, 52), (-131, 55), (-121, 53), (-118, 27), (-122, 15), (-197, 12)], [(-83, 81), (-85, 66), (-90, 60), (-177, 60), (-181, 67), (-179, 74), (-90, 90)], [(-173, 100), (-169, 141), (35, 134), (35, 113), (-23, 95), (-168, 95)], [(-178, 79), (-199, 79), (-199, 112), (-183, 112), (-178, 107)], [(-169, 146), (-162, 186), (-19, 188), (38, 170), (35, 146)], [(74, 184), (85, 175), (85, 137), (66, 118), (46, 118), (42, 121), (40, 139), (43, 182), (46, 185)], [(-196, 166), (-178, 166), (-175, 163), (-176, 120), (-179, 117), (-197, 117), (-199, 120), (-199, 163)], [(98, -91), (114, 55), (182, 124), (224, -86)], [(134, 93), (127, 99), (133, 170), (145, 174), (171, 170), (173, 161), (168, 125), (144, 92)]]
----------------------------------------------------------------------------------------------------------------------------------------------------------------------------------------------


||||||||||||||||||||||||||||||||||||||||||||||||||||||||||||||||||||||||||||||||||||||||||||||||||||||||||||||||||||||||||||||||||||||||||||||||||||||||||||||||||||||||||||||||||||||||||||||
Instância: embraer_2338
Data e Hora: 04/02/2025 18:30
Margem: True
{'dimensoes': ['60', '70', '80'], 'algoritmos': {'GCG': 1, 'GRASP': 0, 'GRASP_GCG': 0, 'Random_Key': 0}, 'num_execucoes': 1}
||||||||||||||||||||||||||||||||||||||||||||||||||||||||||||||||||||||||||||||||||||||||||||||||||||||||||||||||||||||||||||||||||||||||||||||||||||||||||||||||||||||||||||||||||||||||||||||


==============================================================================================================================================================================================
Dimensão: (613, 409)
Máximo: 60%
Tempo pré-processamento NFPs: 66.01s
==============================================================================================================================================================================================

----------------------------------------------------------------------------------------------------------------------------------------------------------------------------------------------
RESULTADOS GCG:
GCG: Tempo: 217.38s, Area: 60.09%, Peças: 19/19, Fecho: 89.0%, Box: 98.0%
Peças GCG: [[(-200, -135), (-21, -117), (87, -122), (179, -141), (191, -187), (176, -199), (-199, -209)], [(-174, -99), (-171, -95), (-124, -101), (-102, -111), (-102, -116), (-111, -121), (-174, -124)], [(-179, -127), (-200, -127), (-200, -94), (-184, -94), (-179, -99)], [(-189, -70), (-15, -71), (-15, -87), (-19, -91), (-183, -89)], [(43, -58), (-191, -65), (-195, 56), (-82, 72), (27, -11)], [(-108, 103), (-108, 93), (-138, 67), (-177, 64), (-187, 66), (-190, 92), (-187, 104), (-111, 107)], [(-104, 119), (-111, 112), (-182, 118), (-186, 130), (-182, 156), (-173, 158), (-137, 153), (-104, 129)], [(-1, 81), (-10, 70), (-98, 77), (-102, 92), (-97, 144), (-84, 148), (-48, 134), (-1, 87)], [(-79, 184), (-81, 169), (-86, 163), (-173, 163), (-177, 170), (-175, 177), (-86, 193)], [(0, 16), (6, 101), (25, 127), (39, 127), (47, 117), (55, 21)], [(156, 14), (158, -106), (49, -106), (48, 15)], [(19, 161), (14, 150), (-12, 127), (-22, 126), (-79, 158), (-79, 164), (-55, 191), (-10, 191), (19, 168)], [(108, 50), (70, 53), (53, 86), (53, 133), (73, 169), (106, 168), (127, 134), (127, 86)], [(145, 136), (150, 134), (157, 27), (135, 19), (130, 26), (134, 136)], [(173, 198), (182, 195), (182, 24), (162, 28), (161, 193)], [(289, 165), (270, -209), (230, -207), (196, -65), (208, 162)], [(401, -177), (401, -192), (377, -209), (289, -209), (292, -169), (389, -166)], [(397, -89), (389, -161), (322, -161), (313, -158), (322, -89)], [(322, -84), (319, -76), (322, -9), (388, 0), (391, -9), (391, -76)]]
----------------------------------------------------------------------------------------------------------------------------------------------------------------------------------------------


==============================================================================================================================================================================================
Dimensão: (568, 378)
Máximo: 70%
Tempo pré-processamento NFPs: 66.01s
==============================================================================================================================================================================================

----------------------------------------------------------------------------------------------------------------------------------------------------------------------------------------------
RESULTADOS GCG:
GCG: Tempo: 199.45s, Area: 67.62%, Peças: 18/19, Fecho: 95.0%, Box: 99.0%
Peças GCG: [[(-200, -104), (-21, -86), (87, -91), (179, -110), (191, -156), (176, -168), (-199, -178)], [(-174, -68), (-171, -64), (-124, -70), (-102, -80), (-102, -85), (-111, -90), (-174, -93)], [(-179, -96), (-200, -96), (-200, -63), (-184, -63), (-179, -68)], [(-189, -39), (-15, -40), (-15, -56), (-19, -60), (-183, -58)], [(43, -27), (-191, -34), (-195, 87), (-82, 103), (27, 20)], [(-108, 134), (-108, 124), (-138, 98), (-177, 95), (-187, 97), (-190, 123), (-187, 135), (-111, 138)], [(-104, 150), (-111, 143), (-182, 149), (-186, 161), (-182, 187), (-173, 189), (-137, 184), (-104, 160)], [(-1, 112), (-10, 101), (-98, 108), (-102, 123), (-97, 175), (-84, 179), (-48, 165), (-1, 118)], [(71, 70), (66, 59), (40, 36), (30, 35), (-27, 67), (-27, 73), (-3, 100), (42, 100), (71, 77)], [(156, 37), (158, -83), (49, -83), (48, 38)], [(118, 159), (115, 121), (82, 104), (35, 105), (-1, 124), (0, 157), (34, 178), (82, 178)], [(142, 42), (127, 44), (121, 49), (121, 136), (128, 140), (135, 138), (151, 49)], [(173, 148), (182, 145), (182, -26), (162, -22), (161, 143)], [(289, 196), (270, -178), (230, -176), (196, -34), (208, 193)], [(292, -178), (289, -170), (292, -103), (358, -94), (361, -103), (361, -170)], [(302, -94), (308, -9), (327, 17), (341, 17), (349, 7), (357, -89)], [(302, 133), (317, 133), (334, 109), (334, 21), (294, 24), (291, 121)], [(354, 137), (359, 135), (366, 28), (344, 20), (339, 27), (343, 137)]]
----------------------------------------------------------------------------------------------------------------------------------------------------------------------------------------------


==============================================================================================================================================================================================
Dimensão: (531, 354)
Máximo: 80%
Tempo pré-processamento NFPs: 66.01s
==============================================================================================================================================================================================

----------------------------------------------------------------------------------------------------------------------------------------------------------------------------------------------
RESULTADOS GCG:
GCG: Tempo: 186.55s, Area: 65.66%, Peças: 18/19, Fecho: 91.0%, Box: 96.0%
Peças GCG: [[(-200, -80), (-21, -62), (87, -67), (179, -86), (191, -132), (176, -144), (-199, -154)], [(-174, -44), (-171, -40), (-124, -46), (-102, -56), (-102, -61), (-111, -66), (-174, -69)], [(-179, -72), (-200, -72), (-200, -39), (-184, -39), (-179, -44)], [(-189, -15), (-15, -16), (-15, -32), (-19, -36), (-183, -34)], [(43, -3), (-191, -10), (-195, 111), (-82, 127), (27, 44)], [(-108, 158), (-108, 148), (-138, 122), (-177, 119), (-187, 121), (-190, 147), (-187, 159), (-111, 162)], [(-195, 173), (-193, 188), (-188, 194), (-101, 195), (-97, 188), (-99, 181), (-188, 164)], [(-21, 133), (-28, 126), (-99, 132), (-103, 144), (-99, 170), (-90, 172), (-54, 167), (-21, 143)], [(-37, 106), (-32, 117), (-6, 140), (4, 140), (61, 108), (61, 102), (37, 75), (-8, 76), (-37, 99)], [(49, 47), (169, 49), (169, -60), (48, -61)], [(60, 54), (68, 126), (135, 126), (144, 123), (134, 54)], [(66, 141), (-19, 147), (-45, 166), (-45, 180), (-35, 188), (62, 196)], [(182, 163), (182, 148), (158, 131), (70, 131), (73, 171), (170, 174)], [(313, -142), (311, -147), (204, -154), (196, -132), (203, -127), (313, -131)], [(196, -53), (204, -50), (271, -53), (279, -119), (270, -122), (203, -122)], [(271, -48), (233, -45), (216, -12), (216, 35), (236, 71), (269, 70), (290, 36), (290, -12)], [(264, 176), (275, 167), (268, 79), (253, 75), (201, 81), (197, 94), (211, 129), (258, 176)], [(67, 190), (70, 199), (241, 199), (237, 179), (72, 178)]]
----------------------------------------------------------------------------------------------------------------------------------------------------------------------------------------------


||||||||||||||||||||||||||||||||||||||||||||||||||||||||||||||||||||||||||||||||||||||||||||||||||||||||||||||||||||||||||||||||||||||||||||||||||||||||||||||||||||||||||||||||||||||||||||||
Instância: embraer_610
Data e Hora: 04/02/2025 18:30
Margem: True
{'dimensoes': ['60', '70', '80'], 'algoritmos': {'GCG': 1, 'GRASP': 0, 'GRASP_GCG': 0, 'Random_Key': 0}, 'num_execucoes': 1}
||||||||||||||||||||||||||||||||||||||||||||||||||||||||||||||||||||||||||||||||||||||||||||||||||||||||||||||||||||||||||||||||||||||||||||||||||||||||||||||||||||||||||||||||||||||||||||||


==============================================================================================================================================================================================
Dimensão: (461, 307)
Máximo: 60%
Tempo pré-processamento NFPs: 337.12s
==============================================================================================================================================================================================

----------------------------------------------------------------------------------------------------------------------------------------------------------------------------------------------
RESULTADOS GCG:
GCG: Tempo: 448.64s, Area: 57.22%, Peças: 14/15, Fecho: 94.0%, Box: 100.0%
Peças GCG: [[(7, -85), (-9, -107), (-20, -107), (-21, -92), (-185, -96), (-200, -89), (-200, -75), (-185, -74), (-194, -68), (-185, -52), (-171, -52), (-170, -67), (-126, -68), (-114, -58), (-101, -83), (-68, -79), (-74, -68), (-62, -56), (-47, -56), (-48, -71), (-12, -73), (-5, -64)], [(-190, 30), (-173, 30), (-172, 25), (-69, 20), (-69, 3), (-74, 3), (-71, -59), (-88, -60), (-88, -51), (-197, -47), (-197, -29), (-190, -29)], [(-71, 28), (-83, 26), (-102, 49), (-115, 45), (-119, 30), (-155, 33), (-155, 43), (-165, 48), (-188, 47), (-183, 124), (-159, 121), (-149, 135), (-107, 123), (-101, 100), (-77, 93)], [(-200, 35), (-200, 44), (-195, 44), (-191, 39), (-191, 35)], [(-196, 144), (-178, 146), (-175, 165), (-159, 163), (-158, 159), (-134, 158), (-127, 161), (-120, 158), (-121, 141), (-144, 144), (-172, 134), (-176, 128), (-192, 129)], [(-42, 164), (-36, 154), (-36, -14), (-68, -13), (-68, -1), (-61, -1), (-63, 163)], [(-17, 130), (-16, 123), (-2, 122), (-2, 115), (-10, 115), (-12, 27), (-8, -61), (-23, -61), (-23, -53), (-34, -53), (-34, -39), (-28, -39), (-31, 130)], [(128, -107), (116, -107), (116, -100), (8, -101), (16, -19), (28, -19), (28, -26), (135, -24), (135, -36), (128, -37)], [(115, -19), (101, -19), (101, -13), (16, -14), (16, 2), (23, 2), (24, 79), (38, 79), (39, 71), (92, 69), (111, 42), (123, 41), (123, 30), (116, 30)], [(119, 75), (107, 75), (106, 82), (38, 83), (38, 94), (43, 95), (40, 152), (52, 152), (52, 144), (115, 141)], [(13, 155), (13, 170), (27, 170), (29, 200), (43, 200), (41, 185), (107, 185), (114, 195), (119, 185), (127, 185), (127, 170), (112, 171), (118, 159), (111, 147), (97, 147), (98, 161), (32, 156), (30, 146)], [(137, -81), (137, -62), (143, -61), (141, -49), (153, -38), (153, -19), (165, -19), (165, -25), (207, -25), (208, -40), (215, -44), (260, -51), (254, -82), (212, -81), (195, -93), (195, -107), (184, -107), (183, -101), (147, -100), (148, -81)], [(245, -23), (233, -23), (232, -16), (144, -13), (156, 68), (167, 68), (167, 61), (254, 58), (254, 46), (246, 46)], [(258, 185), (258, 167), (253, 167), (249, 66), (167, 72), (166, 90), (174, 90), (177, 192), (194, 192), (194, 185)]]
----------------------------------------------------------------------------------------------------------------------------------------------------------------------------------------------


==============================================================================================================================================================================================
Dimensão: (426, 284)
Máximo: 70%
Tempo pré-processamento NFPs: 337.12s
==============================================================================================================================================================================================

----------------------------------------------------------------------------------------------------------------------------------------------------------------------------------------------
RESULTADOS GCG:
GCG: Tempo: 421.74s, Area: 51.17%, Peças: 12/15, Fecho: 81.0%, Box: 94.0%
Peças GCG: [[(7, -62), (-9, -84), (-20, -84), (-21, -69), (-185, -73), (-200, -66), (-200, -52), (-185, -51), (-194, -45), (-185, -29), (-171, -29), (-170, -44), (-126, -45), (-114, -35), (-101, -60), (-68, -56), (-74, -45), (-62, -33), (-47, -33), (-48, -48), (-12, -50), (-5, -41)], [(-190, 53), (-173, 53), (-172, 48), (-69, 43), (-69, 26), (-74, 26), (-71, -36), (-88, -37), (-88, -28), (-197, -24), (-197, -6), (-190, -6)], [(-71, 51), (-83, 49), (-102, 72), (-115, 68), (-119, 53), (-155, 56), (-155, 66), (-165, 71), (-188, 70), (-183, 147), (-159, 144), (-149, 158), (-107, 146), (-101, 123), (-77, 116)], [(-58, -29), (-64, -19), (-64, 149), (-32, 148), (-33, 136), (-40, 136), (-37, -28)], [(-17, -35), (-18, -27), (-32, -27), (-32, -20), (-24, -19), (-22, 68), (-26, 156), (-11, 156), (-11, 148), (0, 148), (0, 134), (-6, 134), (-3, -35)], [(-200, 58), (-200, 67), (-195, 67), (-191, 62), (-191, 58)], [(-85, 200), (-84, 182), (-65, 179), (-67, 163), (-71, 162), (-72, 138), (-69, 131), (-72, 124), (-89, 125), (-86, 148), (-96, 176), (-102, 180), (-101, 196)], [(128, -84), (116, -84), (116, -77), (8, -78), (16, 4), (28, 4), (28, -3), (135, -1), (135, -13), (128, -14)], [(115, 3), (101, 3), (101, 9), (16, 8), (16, 24), (23, 24), (24, 101), (38, 101), (39, 93), (92, 91), (111, 64), (123, 63), (123, 52), (116, 52)], [(119, 98), (107, 98), (106, 105), (38, 106), (38, 117), (43, 118), (40, 175), (52, 175), (52, 167), (115, 164)], [(177, -84), (164, -84), (163, -78), (150, -82), (143, -77), (142, -62), (137, -57), (144, -45), (138, -12), (150, 13), (161, 13), (161, 7), (167, 6), (171, -12), (194, -12), (192, -32), (201, -62), (198, -69), (179, -70)], [(183, 11), (168, 10), (168, 25), (138, 26), (138, 40), (153, 39), (153, 104), (143, 111), (153, 116), (153, 124), (168, 124), (167, 109), (179, 116), (191, 109), (191, 95), (177, 96), (182, 30), (192, 28)]]
----------------------------------------------------------------------------------------------------------------------------------------------------------------------------------------------


==============================================================================================================================================================================================
Dimensão: (399, 266)
Máximo: 80%
Tempo pré-processamento NFPs: 337.12s
==============================================================================================================================================================================================

----------------------------------------------------------------------------------------------------------------------------------------------------------------------------------------------
RESULTADOS GCG:
GCG: Tempo: 400.9s, Area: 58.32%, Peças: 12/15, Fecho: 90.0%, Box: 97.0%
Peças GCG: [[(7, -44), (-9, -66), (-20, -66), (-21, -51), (-185, -55), (-200, -48), (-200, -34), (-185, -33), (-194, -27), (-185, -11), (-171, -11), (-170, -26), (-126, -27), (-114, -17), (-101, -42), (-68, -38), (-74, -27), (-62, -15), (-47, -15), (-48, -30), (-12, -32), (-5, -23)], [(-190, 71), (-173, 71), (-172, 66), (-69, 61), (-69, 44), (-74, 44), (-71, -18), (-88, -19), (-88, -10), (-197, -6), (-197, 12), (-190, 12)], [(-71, 69), (-83, 67), (-102, 90), (-115, 86), (-119, 71), (-155, 74), (-155, 84), (-165, 89), (-188, 88), (-183, 165), (-159, 162), (-149, 176), (-107, 164), (-101, 141), (-77, 134)], [(-58, -11), (-64, -1), (-64, 167), (-32, 166), (-33, 154), (-40, 154), (-37, -10)], [(-17, -17), (-18, -9), (-32, -9), (-32, -2), (-24, -1), (-22, 86), (-26, 174), (-11, 174), (-11, 166), (0, 166), (0, 152), (-6, 152), (-3, -17)], [(-105, 178), (-87, 180), (-84, 199), (-68, 197), (-67, 193), (-43, 192), (-36, 195), (-29, 192), (-30, 175), (-53, 178), (-81, 168), (-85, 162), (-101, 163)], [(-200, 76), (-200, 85), (-195, 85), (-191, 80), (-191, 76)], [(128, -66), (116, -66), (116, -59), (8, -60), (16, 22), (28, 22), (28, 15), (135, 17), (135, 5), (128, 4)], [(115, 21), (101, 21), (101, 27), (16, 26), (16, 42), (23, 42), (24, 119), (38, 119), (39, 111), (92, 109), (111, 82), (123, 81), (123, 70), (116, 70)], [(119, 116), (107, 116), (106, 123), (38, 124), (38, 135), (43, 136), (40, 193), (52, 193), (52, 185), (115, 182)], [(181, -65), (166, -66), (166, -51), (136, -50), (136, -36), (151, -37), (151, 28), (141, 35), (151, 40), (151, 48), (166, 48), (165, 33), (177, 40), (189, 33), (189, 19), (175, 20), (180, -46), (190, -48)], [(161, 82), (148, 82), (147, 88), (134, 84), (127, 89), (126, 104), (121, 109), (128, 121), (122, 154), (134, 179), (145, 179), (145, 173), (151, 172), (155, 154), (178, 154), (176, 134), (185, 104), (182, 97), (163, 96)]]
----------------------------------------------------------------------------------------------------------------------------------------------------------------------------------------------


||||||||||||||||||||||||||||||||||||||||||||||||||||||||||||||||||||||||||||||||||||||||||||||||||||||||||||||||||||||||||||||||||||||||||||||||||||||||||||||||||||||||||||||||||||||||||||||
Instância: embraer_55
Data e Hora: 04/02/2025 18:30
Margem: True
{'dimensoes': ['60', '70', '80'], 'algoritmos': {'GCG': 1, 'GRASP': 0, 'GRASP_GCG': 0, 'Random_Key': 0}, 'num_execucoes': 1}
||||||||||||||||||||||||||||||||||||||||||||||||||||||||||||||||||||||||||||||||||||||||||||||||||||||||||||||||||||||||||||||||||||||||||||||||||||||||||||||||||||||||||||||||||||||||||||||


==============================================================================================================================================================================================
Dimensão: (477, 318)
Máximo: 60%
Tempo pré-processamento NFPs: 282.7s
==============================================================================================================================================================================================

----------------------------------------------------------------------------------------------------------------------------------------------------------------------------------------------
RESULTADOS GCG:
GCG: Tempo: 603.09s, Area: 44.13%, Peças: 18/19, Fecho: 73.0%, Box: 80.0%
Peças GCG: [[(-200, -118), (-185, -103), (-187, -49), (43, -40), (183, -76), (176, -118), (161, -103)], [(-65, -32), (-72, -34), (-72, -39), (-82, -39), (-82, -32), (-115, -32), (-115, -21), (-107, -14), (-98, -14), (-97, -21), (-76, -21), (-75, -19), (-65, -21)], [(-181, -41), (-184, -13), (-178, -5), (-142, -6), (-142, -8), (-127, -10), (-124, -14), (-119, -15), (-120, -25), (-124, -25), (-127, -31), (-130, -31), (-140, -42), (-177, -43)], [(-130, 3), (-142, -1), (-166, 10), (-195, 8), (-196, 19), (-189, 23), (-187, 29), (-176, 28), (-176, 22), (-127, 16)], [(-123, 29), (-136, 21), (-191, 39), (-188, 75), (-175, 74), (-174, 67), (-147, 64), (-123, 33)], [(-196, 97), (-191, 97), (-189, 115), (-184, 118), (-151, 117), (-135, 101), (-133, 87), (-151, 79), (-188, 80), (-191, 88), (-196, 89)], [(-125, 159), (-115, 159), (-103, 133), (-95, 132), (-103, 47), (-120, 46), (-120, 56), (-135, 57), (-134, 73), (-128, 73), (-128, 140), (-134, 148)], [(83, 14), (76, -9), (67, -9), (67, -2), (-125, -6), (-119, 28), (-83, 27), (-69, 34), (22, 34)], [(-95, 45), (-95, 57), (-89, 57), (-92, 111), (-80, 111), (-65, 103), (-23, 103), (-27, 84), (-23, 38), (-35, 38), (-35, 45)], [(-141, 158), (-141, 147), (-147, 146), (-151, 122), (-190, 128), (-190, 140), (-181, 140), (-178, 168), (-166, 168), (-166, 161)], [(-199, 162), (-200, 173), (-188, 173), (-170, 194), (-124, 198), (-123, 184), (-130, 184), (-129, 164), (-144, 163), (-144, 172), (-179, 173)], [(-72, 189), (-70, 178), (-78, 177), (-73, 137), (-87, 135), (-100, 138), (-102, 149), (-97, 149), (-103, 188), (-90, 189), (-90, 186), (-85, 186), (-82, 190)], [(-65, 191), (-53, 191), (-52, 184), (-3, 176), (-4, 164), (-7, 164), (-8, 107), (-20, 107), (-21, 116), (-72, 121), (-71, 132), (-66, 132)], [(-10, 41), (-2, 118), (14, 133), (16, 145), (26, 145), (35, 134), (29, 116), (31, 50), (37, 49), (37, 44), (27, 38), (16, 38), (16, 43)], [(111, -26), (102, -30), (93, -26), (-60, -21), (-60, -10), (111, -15)], [(122, -11), (83, -9), (83, 0), (90, 0), (95, 192), (114, 185), (129, 132)], [(75, 21), (79, 195), (87, 195), (90, 186), (85, 130), (86, 21)], [(33, 190), (38, 189), (40, 181), (54, 181), (53, 173), (47, 173), (46, 116), (50, 97), (45, 91), (37, 92), (40, 135), (30, 178)]]
----------------------------------------------------------------------------------------------------------------------------------------------------------------------------------------------


==============================================================================================================================================================================================
Dimensão: (441, 294)
Máximo: 70%
Tempo pré-processamento NFPs: 282.7s
==============================================================================================================================================================================================

----------------------------------------------------------------------------------------------------------------------------------------------------------------------------------------------
RESULTADOS GCG:
GCG: Tempo: 574.41s, Area: 51.65%, Peças: 18/19, Fecho: 80.0%, Box: 87.0%
Peças GCG: [[(-200, -94), (-185, -79), (-187, -25), (43, -16), (183, -52), (176, -94), (161, -79)], [(-65, -8), (-72, -10), (-72, -15), (-82, -15), (-82, -8), (-115, -8), (-115, 3), (-107, 10), (-98, 10), (-97, 3), (-76, 3), (-75, 5), (-65, 3)], [(-181, -17), (-184, 11), (-178, 19), (-142, 18), (-142, 16), (-127, 14), (-124, 10), (-119, 9), (-120, -1), (-124, -1), (-127, -7), (-130, -7), (-140, -18), (-177, -19)], [(-130, 26), (-142, 22), (-166, 33), (-195, 31), (-196, 42), (-189, 46), (-187, 52), (-176, 51), (-176, 45), (-127, 39)], [(-123, 53), (-136, 45), (-191, 63), (-188, 99), (-175, 98), (-174, 91), (-147, 88), (-123, 57)], [(-196, 121), (-191, 121), (-189, 139), (-184, 142), (-151, 141), (-135, 125), (-133, 111), (-151, 103), (-188, 104), (-191, 112), (-196, 113)], [(-70, 62), (-82, 62), (-83, 70), (-132, 77), (-131, 89), (-128, 89), (-127, 146), (-115, 146), (-114, 137), (-63, 133), (-64, 122), (-69, 122)], [(74, 46), (72, 6), (63, 6), (63, 13), (-129, 18), (-122, 37), (-69, 52)], [(-59, 129), (-47, 129), (-47, 123), (7, 126), (7, 114), (-1, 99), (-1, 57), (-20, 61), (-66, 57), (-66, 69), (-59, 69)], [(-195, 192), (-118, 184), (-103, 168), (-91, 166), (-91, 156), (-103, 147), (-121, 153), (-187, 151), (-188, 145), (-193, 145), (-198, 155), (-198, 166), (-194, 166)], [(-38, 172), (-38, 161), (-44, 160), (-48, 136), (-87, 142), (-87, 154), (-78, 154), (-75, 182), (-63, 182), (-63, 175)], [(3, 144), (14, 145), (14, 133), (35, 115), (39, 69), (25, 68), (25, 75), (5, 73), (4, 89), (13, 89), (14, 124)], [(-37, 145), (-39, 156), (-31, 157), (-37, 197), (-22, 199), (-9, 196), (-7, 185), (-13, 185), (-7, 146), (-19, 145), (-19, 148), (-24, 148), (-27, 144)], [(111, -13), (102, -17), (93, -13), (-60, -8), (-60, 3), (111, -2)], [(71, 70), (61, 71), (49, 96), (41, 97), (49, 182), (66, 183), (66, 173), (81, 172), (80, 156), (74, 156), (74, 90), (80, 82)], [(133, -35), (110, -28), (110, -19), (117, -19), (114, 173), (148, 167), (146, 131), (153, 117), (153, 26)], [(84, 3), (88, 177), (96, 177), (99, 168), (94, 112), (95, 3)], [(175, -45), (170, -44), (168, -36), (154, -36), (154, -28), (160, -28), (162, 29), (158, 48), (163, 54), (171, 53), (168, 10), (178, -33)]]
----------------------------------------------------------------------------------------------------------------------------------------------------------------------------------------------


==============================================================================================================================================================================================
Dimensão: (413, 275)
Máximo: 80%
Tempo pré-processamento NFPs: 282.7s
==============================================================================================================================================================================================

----------------------------------------------------------------------------------------------------------------------------------------------------------------------------------------------
RESULTADOS GCG:
GCG: Tempo: 520.12s, Area: 58.94%, Peças: 18/19, Fecho: 92.0%, Box: 98.0%
Peças GCG: [[(-200, -75), (-185, -60), (-187, -6), (43, 3), (183, -33), (176, -75), (161, -60)], [(-65, 10), (-72, 8), (-72, 3), (-82, 3), (-82, 10), (-115, 10), (-115, 21), (-107, 28), (-98, 28), (-97, 21), (-76, 21), (-75, 23), (-65, 21)], [(-181, 2), (-184, 30), (-178, 38), (-142, 37), (-142, 35), (-127, 33), (-124, 29), (-119, 28), (-120, 18), (-124, 18), (-127, 12), (-130, 12), (-140, 1), (-177, 0)], [(-130, 45), (-142, 41), (-166, 52), (-195, 50), (-196, 61), (-189, 65), (-187, 71), (-176, 70), (-176, 64), (-127, 58)], [(-123, 72), (-136, 64), (-191, 82), (-188, 118), (-175, 117), (-174, 110), (-147, 107), (-123, 76)], [(-196, 140), (-191, 140), (-189, 158), (-184, 161), (-151, 160), (-135, 144), (-133, 130), (-151, 122), (-188, 123), (-191, 131), (-196, 132)], [(-70, 81), (-82, 81), (-83, 89), (-132, 96), (-131, 108), (-128, 108), (-127, 165), (-115, 165), (-114, 156), (-63, 152), (-64, 141), (-69, 141)], [(83, 56), (76, 33), (67, 33), (67, 40), (-125, 36), (-119, 70), (-83, 69), (-69, 76), (22, 76)], [(-62, 128), (15, 120), (30, 104), (42, 102), (42, 92), (30, 83), (12, 89), (-54, 87), (-55, 81), (-60, 81), (-65, 91), (-65, 102), (-61, 102)], [(-192, 195), (-181, 197), (-180, 189), (-140, 195), (-138, 180), (-141, 167), (-152, 165), (-152, 171), (-191, 165), (-192, 177), (-189, 177), (-189, 182), (-193, 185)], [(-76, 197), (-65, 197), (-64, 191), (-40, 187), (-46, 148), (-58, 148), (-58, 157), (-86, 161), (-86, 172), (-79, 172)], [(111, 16), (102, 12), (93, 16), (-60, 21), (-60, 32), (111, 27)], [(-39, 131), (-39, 143), (-33, 143), (-36, 197), (-24, 197), (-9, 189), (33, 189), (29, 170), (33, 124), (21, 124), (21, 131)], [(55, 182), (65, 182), (77, 156), (85, 155), (77, 70), (60, 69), (60, 79), (45, 80), (46, 96), (52, 96), (52, 163), (46, 171)], [(122, 33), (111, 32), (111, 44), (90, 61), (86, 107), (100, 108), (100, 101), (120, 103), (121, 88), (112, 88), (111, 53)], [(158, -13), (119, -11), (119, -2), (126, -2), (131, 190), (150, 183), (165, 130)], [(166, -25), (170, 149), (178, 149), (181, 140), (176, 84), (177, -25)], [(208, -75), (203, -74), (201, -66), (187, -66), (187, -58), (193, -58), (195, -1), (191, 18), (196, 24), (204, 23), (201, -20), (211, -63)]]
----------------------------------------------------------------------------------------------------------------------------------------------------------------------------------------------

