==============================================================================================================================================================================================
RESULTADOS GERAIS: 26/01/2025 01:40
==============================================================================================================================================================================================


||||||||||||||||||||||||||||||||||||||||||||||||||||||||||||||||||||||||||||||||||||||||||||||||||||||||||||||||||||||||||||||||||||||||||||||||||||||||||||||||||||||||||||||||||||||||||||||
Instância: embraer_55
Data e Hora: 26/01/2025 01:40
Margem: True
{'dimensoes': ['50', '60', '70', '80'], 'algoritmos': {'GCG': 0, 'GRASP': 0, 'GRASP_GCG': 1, 'Random_Key': 0}, 'num_execucoes': 3}
||||||||||||||||||||||||||||||||||||||||||||||||||||||||||||||||||||||||||||||||||||||||||||||||||||||||||||||||||||||||||||||||||||||||||||||||||||||||||||||||||||||||||||||||||||||||||||||

GRASP_GCG: Tempo: 4.68s, Area: 49.92%, Peças: 16/16, Fecho: 74.0%, Box: 77.0%
Peças GRASP_GCG 3: [[(-194, -162), (-200, -139), (-198, -131), (-153, -122), (-146, -123), (-137, -146), (-139, -156), (-185, -164)], [(-118, -57), (-121, -109), (-154, -117), (-198, -117), (-200, -69), (-154, -55)], [(-6, -130), (-39, -151), (-133, -143), (-88, -60), (-62, -65), (-30, -84)], [(-58, -45), (-154, -50), (-178, -36), (-180, -27), (-155, 18), (-116, 38), (-104, 39), (-58, -33)], [(-193, -11), (-200, -5), (-194, 66), (-182, 70), (-156, 66), (-154, 57), (-159, 21), (-183, -12)], [(-193, 156), (-183, 156), (-157, 126), (-154, 87), (-156, 77), (-182, 74), (-194, 77), (-197, 153)], [(-148, 26), (-150, 128), (-141, 145), (-131, 148), (-91, 126), (-67, 85), (-65, 74), (-72, 65)], [(-48, 59), (-44, 56), (-51, 9), (-61, -13), (-66, -13), (-71, -4), (-73, 59)], [(-126, 164), (-135, 152), (-173, 153), (-192, 171), (-192, 191), (-189, 195), (-171, 197), (-128, 195), (-125, 192)], [(-119, 192), (-75, 189), (-75, 150), (-78, 142), (-119, 147), (-123, 150)], [(10, -140), (-27, -81), (30, 196), (99, 194), (116, -21), (52, -120)], [(-63, 87), (-57, 172), (-38, 198), (-24, 198), (-16, 188), (-8, 92)], [(102, -130), (102, -161), (98, -164), (37, -162), (34, -159), (37, -139), (55, -124), (92, -121)], [(153, -28), (166, -51), (168, -147), (164, -154), (81, -109), (82, -94), (101, -54)], [(195, -151), (173, -147), (169, 139), (195, 142)], [(220, -148), (203, -144), (200, 142), (213, 147), (224, 142)]]


Estatísticas GRASP_GCG:
Tempo - Média: 7.29s, Desvio: 2.73s
Área - Média: 49.98%, Desvio: 0.08%
Peças - Média: 16.0, Desvio: 0.0
----------------------------------------------------------------------------------------------------------------------------------------------------------------------------------------------


==============================================================================================================================================================================================
Dimensão: (498, 332)
Máximo: 60%
Tempo pré-processamento NFPs: 10.43s
==============================================================================================================================================================================================

----------------------------------------------------------------------------------------------------------------------------------------------------------------------------------------------
RESULTADOS GRASP_GCG:
GRASP_GCG: Tempo: 14.08s, Area: 60.12%, Peças: 16/16, Fecho: 86.0%, Box: 96.0%
Peças GRASP_GCG 1: [[(-179, -132), (-200, -99), (-192, -5), (-109, -50), (-114, -75), (-133, -107)], [(-117, -15), (-120, -19), (-167, -12), (-189, -2), (-189, 3), (-180, 8), (-117, 10)], [(-183, 13), (-185, 115), (-176, 132), (-166, 135), (-126, 113), (-102, 72), (-100, 61), (-107, 52)], [(222, -63), (163, -100), (-114, -43), (-112, 26), (103, 43), (202, -21)], [(-166, 140), (-162, 162), (124, 167), (127, 140)], [(-66, 53), (-76, 53), (-102, 83), (-105, 122), (-103, 132), (-77, 135), (-65, 132), (-62, 57)], [(-3, -124), (-88, -118), (-114, -99), (-114, -85), (-104, -77), (-7, -69)], [(-51, 37), (-58, 43), (-52, 114), (-40, 118), (-14, 114), (-12, 105), (-17, 69), (-41, 36)], [(127, 189), (123, 172), (-163, 169), (-168, 182), (-163, 193)], [(-11, 49), (-11, 80), (-7, 83), (54, 82), (57, 79), (54, 59), (36, 44), (-1, 40)], [(187, 52), (91, 47), (67, 61), (65, 70), (90, 115), (129, 135), (141, 136), (187, 64)], [(45, -126), (1, -123), (1, -84), (4, -76), (45, -80), (49, -83)], [(223, 56), (234, 47), (234, 9), (215, -10), (195, -10), (191, -7), (189, 11), (192, 54), (195, 57)], [(191, 67), (178, 89), (176, 185), (180, 192), (263, 148), (262, 133), (243, 93)], [(285, -87), (233, -84), (224, -51), (225, -7), (273, -5), (287, -51)], [(274, 35), (250, 29), (242, 31), (233, 76), (234, 83), (258, 92), (268, 90), (275, 44)]]

GRASP_GCG: Tempo: 28.66s, Area: 59.96%, Peças: 16/16, Fecho: 82.0%, Box: 96.0%
Peças GRASP_GCG 2: [[(-195, -132), (-200, -36), (-186, -12), (-177, -10), (-132, -35), (-112, -73), (-111, -85), (-183, -131)], [(-146, -5), (-177, -5), (-180, -1), (-178, 60), (-175, 63), (-155, 60), (-140, 42), (-137, 5)], [(-175, 68), (-179, 71), (-172, 118), (-162, 140), (-157, 140), (-152, 131), (-150, 68)], [(190, 36), (131, -1), (-146, 56), (-144, 125), (71, 142), (170, 78)], [(-97, -83), (-118, -50), (-110, 44), (-27, -1), (-32, -26), (-51, -58)], [(127, 164), (123, 147), (-163, 144), (-168, 157), (-163, 168)], [(-52, -114), (-49, -62), (-16, -53), (28, -53), (30, -101), (-16, -116)], [(40, -71), (33, -65), (39, 6), (51, 10), (77, 6), (79, -3), (74, -39), (50, -72)], [(33, -121), (36, -77), (75, -77), (83, -80), (78, -121), (75, -125)], [(138, -9), (132, -94), (113, -120), (99, -120), (91, -110), (83, -13)], [(190, 113), (181, 101), (143, 102), (124, 120), (124, 140), (127, 144), (145, 146), (188, 144), (191, 141)], [(127, 199), (123, 177), (-163, 173), (-166, 199)], [(145, -112), (143, -10), (152, 7), (162, 10), (202, -12), (226, -53), (228, -64), (221, -73)], [(-139, -125), (-139, -115), (-109, -89), (-70, -86), (-60, -88), (-57, -114), (-61, -126), (-136, -129)], [(135, 156), (129, 179), (131, 187), (176, 196), (183, 195), (192, 172), (190, 162), (144, 154)], [(209, -7), (196, 15), (194, 111), (198, 118), (281, 74), (280, 59), (261, 19)]]

GRASP_GCG: Tempo: 12.74s, Area: 60.22%, Peças: 16/16, Fecho: 83.0%, Box: 91.0%
Peças GRASP_GCG 3: [[(-200, -132), (-194, -47), (-175, -21), (-161, -21), (-153, -31), (-145, -127)], [(-187, 65), (-177, 65), (-151, 35), (-148, -4), (-150, -14), (-176, -17), (-188, -14), (-191, 62)], [(-194, 112), (-135, 149), (142, 93), (140, 24), (-75, 6), (-174, 70)], [(-148, -32), (-144, -10), (142, -5), (145, -32)], [(-146, -58), (-142, -41), (144, -37), (149, -50), (144, -62)], [(-98, -113), (-142, -110), (-142, -71), (-139, -63), (-98, -67), (-94, -70)], [(150, -40), (145, 56), (159, 80), (168, 82), (213, 57), (233, 19), (234, 7), (162, -39)], [(240, 166), (261, 133), (253, 39), (170, 85), (175, 110), (194, 142)], [(76, 169), (99, 182), (195, 184), (202, 180), (157, 97), (142, 98), (102, 117)], [(47, 117), (43, 120), (50, 167), (60, 189), (65, 189), (70, 180), (72, 117)], [(-57, -131), (-88, -131), (-91, -127), (-89, -66), (-86, -63), (-66, -66), (-51, -84), (-48, -121)], [(245, -123), (143, -125), (126, -116), (123, -106), (145, -66), (187, -42), (198, -40), (207, -47)], [(-11, -65), (0, -74), (0, -112), (-19, -131), (-39, -131), (-43, -128), (-45, -110), (-42, -67), (-39, -64)], [(232, -78), (225, -72), (231, -1), (243, 3), (269, -1), (271, -10), (266, -46), (242, -79)], [(40, 129), (16, 123), (8, 125), (-1, 170), (0, 177), (24, 186), (34, 184), (41, 138)], [(5, -127), (8, -75), (41, -66), (85, -66), (87, -114), (41, -129)]]


Estatísticas GRASP_GCG:
Tempo - Média: 18.49s, Desvio: 7.21s
Área - Média: 60.1%, Desvio: 0.11%
Peças - Média: 16.0, Desvio: 0.0
----------------------------------------------------------------------------------------------------------------------------------------------------------------------------------------------


==============================================================================================================================================================================================
Dimensão: (461, 307)
Máximo: 70%
Tempo pré-processamento NFPs: 10.43s
==============================================================================================================================================================================================

----------------------------------------------------------------------------------------------------------------------------------------------------------------------------------------------
RESULTADOS GRASP_GCG:

==============================================================================================================================================================================================
Dimensão: (522, 348)
Máximo: 50%
Tempo pré-processamento NFPs: 272.73s
==============================================================================================================================================================================================

----------------------------------------------------------------------------------------------------------------------------------------------------------------------------------------------
RESULTADOS GRASP_GCG:
GRASP_GCG: Tempo: 13.72s, Area: 50.05%, Peças: 19/19, Fecho: 75.0%, Box: 85.0%
Peças GRASP_GCG 1: [[(-29, -144), (-38, -148), (-47, -144), (-200, -139), (-200, -128), (-29, -133)], [(2, -95), (0, -135), (-9, -135), (-9, -128), (-201, -123), (-194, -104), (-141, -89)], [(-171, -74), (-163, -1), (204, -27), (196, -62), (2, -90)], [(7, -99), (14, -97), (14, -93), (24, -93), (24, -99), (57, -100), (57, -111), (49, -118), (40, -117), (39, -110), (18, -110), (17, -112), (7, -110)], [(101, -104), (101, -115), (95, -116), (91, -140), (52, -134), (52, -122), (61, -122), (64, -94), (76, -94), (76, -101)], [(181, -86), (181, -98), (174, -99), (166, -148), (154, -147), (154, -144), (97, -143), (97, -131), (106, -130), (110, -79), (122, -80), (122, -85)], [(-162, 4), (-147, 19), (-149, 73), (81, 82), (221, 46), (214, 4), (199, 19)], [(-170, 17), (-167, 5), (-177, -19), (-176, -48), (-187, -49), (-191, -42), (-197, -40), (-196, -29), (-190, -29), (-183, 20)], [(-175, 86), (-175, 81), (-157, 79), (-154, 74), (-155, 41), (-171, 25), (-185, 23), (-193, 41), (-192, 78), (-184, 81), (-183, 86)], [(25, 111), (18, 88), (9, 88), (9, 95), (-183, 91), (-177, 125), (-141, 124), (-127, 131), (-36, 131)], [(-181, 132), (-184, 160), (-178, 168), (-142, 167), (-142, 165), (-127, 163), (-124, 159), (-119, 158), (-120, 148), (-124, 148), (-127, 142), (-130, 142), (-140, 131), (-177, 130)], [(-128, 182), (-115, 190), (-60, 172), (-64, 136), (-77, 137), (-78, 144), (-104, 147), (-128, 178)], [(-54, 183), (23, 175), (38, 159), (50, 157), (50, 147), (38, 138), (20, 144), (-46, 142), (-47, 136), (-52, 136), (-57, 146), (-57, 157), (-53, 157)], [(112, 83), (100, 83), (100, 89), (46, 85), (46, 97), (54, 112), (54, 154), (73, 150), (119, 155), (119, 143), (112, 143)], [(160, -9), (-14, -6), (-14, 2), (-5, 6), (51, 1), (160, 2)], [(230, 99), (230, 89), (204, 77), (203, 69), (118, 77), (117, 94), (127, 94), (128, 109), (144, 108), (144, 102), (211, 102), (219, 108)], [(116, 189), (127, 190), (127, 178), (148, 160), (152, 114), (138, 113), (138, 120), (118, 118), (117, 134), (126, 134), (127, 169)], [(92, 164), (81, 162), (80, 170), (40, 164), (38, 178), (41, 191), (52, 193), (52, 188), (91, 194), (92, 182), (89, 182), (89, 177), (93, 174)], [(151, 164), (152, 169), (160, 171), (160, 185), (168, 185), (168, 179), (225, 178), (244, 182), (250, 177), (249, 169), (206, 172), (163, 162)]]

GRASP_GCG: Tempo: 51.34s, Area: 49.87%, Peças: 19/19, Fecho: 76.0%, Box: 86.0%
Peças GRASP_GCG 2: [[(-170, -148), (-180, -147), (-192, -122), (-200, -121), (-192, -36), (-175, -35), (-175, -45), (-160, -46), (-161, -62), (-167, -62), (-167, -128), (-161, -136)], [(-175, -31), (-175, -26), (-193, -24), (-196, -19), (-195, 14), (-179, 30), (-165, 32), (-158, 14), (-158, -23), (-166, -26), (-167, -31)], [(-123, -129), (-162, -127), (-162, -118), (-155, -118), (-150, 74), (-131, 67), (-116, 14)], [(-151, 78), (-143, 151), (224, 125), (216, 90), (22, 62)], [(-166, 37), (-171, 38), (-173, 46), (-187, 46), (-187, 54), (-181, 54), (-179, 111), (-183, 130), (-178, 136), (-170, 135), (-173, 92), (-163, 49)], [(267, 67), (252, 53), (254, -2), (24, -10), (-116, 26), (-109, 68), (-94, 53)], [(-115, -32), (-108, -9), (-99, -9), (-99, -16), (93, -13), (87, -47), (51, -45), (37, -52), (-54, -52)], [(-115, -49), (-102, -41), (-47, -59), (-51, -95), (-64, -94), (-65, -87), (-91, -84), (-115, -53)], [(-143, 167), (31, 163), (31, 155), (22, 152), (-34, 157), (-143, 156)], [(-140, 185), (-131, 188), (-122, 185), (31, 179), (31, 168), (-140, 174)], [(16, -131), (4, -131), (4, -125), (-50, -129), (-50, -117), (-42, -102), (-42, -60), (-23, -64), (23, -59), (23, -71), (16, -71)], [(-147, 174), (-147, 163), (-153, 162), (-157, 138), (-196, 144), (-196, 156), (-187, 156), (-184, 184), (-172, 184), (-172, 177)], [(-116, -99), (-105, -97), (-104, -105), (-64, -99), (-62, -114), (-65, -127), (-76, -129), (-76, -123), (-115, -129), (-116, -117), (-113, -117), (-113, -112), (-117, -109)], [(86, -94), (74, -98), (50, -87), (21, -89), (20, -78), (27, -74), (29, -68), (40, -69), (40, -75), (89, -81)], [(70, -113), (63, -115), (63, -120), (53, -120), (53, -113), (20, -113), (20, -102), (28, -95), (37, -95), (38, -102), (59, -102), (60, -100), (70, -102)], [(128, -124), (117, -125), (117, -113), (96, -96), (92, -50), (106, -49), (106, -56), (126, -54), (127, -69), (118, -69), (117, -104)], [(39, 152), (36, 180), (42, 188), (78, 187), (78, 185), (93, 183), (96, 179), (101, 178), (100, 168), (96, 168), (93, 162), (90, 162), (80, 151), (43, 150)], [(201, -56), (124, -48), (109, -32), (97, -30), (97, -20), (108, -11), (126, -17), (193, -15), (194, -9), (199, -9), (204, -19), (204, -30), (200, -30)], [(195, -140), (183, -140), (182, -132), (133, -125), (134, -113), (137, -113), (138, -56), (150, -56), (151, -65), (202, -69), (201, -80), (196, -80)]]

GRASP_GCG: Tempo: 11.12s, Area: 49.99%, Peças: 19/19, Fecho: 78.0%, Box: 89.0%
Peças GRASP_GCG 3: [[(-197, -146), (-200, -118), (-194, -110), (-158, -111), (-158, -113), (-143, -115), (-140, -119), (-135, -120), (-136, -130), (-140, -130), (-143, -136), (-146, -136), (-156, -147), (-193, -148)], [(-159, -106), (-151, -33), (216, -59), (208, -94), (14, -122)], [(-181, -42), (-181, -47), (-163, -49), (-160, -54), (-161, -87), (-177, -103), (-191, -105), (-199, -87), (-198, -50), (-190, -47), (-189, -42)], [(-65, -140), (-77, -144), (-101, -133), (-130, -135), (-131, -124), (-124, -120), (-122, -114), (-111, -115), (-111, -121), (-62, -127)], [(21, -33), (12, -37), (3, -33), (-150, -28), (-150, -17), (21, -22)], [(-164, -40), (-175, -40), (-176, -33), (-200, -30), (-194, 9), (-182, 9), (-182, 0), (-154, -3), (-154, -14), (-161, -14)], [(263, 59), (248, 45), (250, -10), (20, -18), (-120, 18), (-113, 60), (-98, 45)], [(-124, 14), (-137, 6), (-192, 24), (-189, 60), (-176, 59), (-175, 52), (-148, 49), (-124, 18)], [(-189, 76), (-15, 72), (-15, 64), (-24, 61), (-80, 66), (-189, 65)], [(-60, -143), (-59, -138), (-51, -136), (-51, -122), (-43, -122), (-43, -128), (14, -129), (33, -125), (39, -130), (38, -138), (-5, -135), (-48, -145)], [(187, 105), (185, 65), (176, 65), (176, 72), (-16, 77), (-9, 96), (44, 111)], [(-20, 77), (-97, 85), (-112, 101), (-124, 103), (-124, 113), (-113, 122), (-95, 116), (-28, 118), (-27, 124), (-22, 124), (-17, 114), (-17, 103), (-21, 103)], [(-130, 93), (-141, 91), (-142, 99), (-182, 93), (-184, 107), (-181, 120), (-170, 122), (-170, 117), (-131, 123), (-130, 111), (-133, 111), (-133, 106), (-129, 103)], [(77, 148), (70, 125), (61, 125), (61, 132), (-131, 128), (-125, 162), (-89, 161), (-75, 168), (16, 168)], [(-150, 133), (-157, 131), (-157, 126), (-167, 126), (-167, 133), (-200, 133), (-200, 144), (-192, 151), (-183, 151), (-182, 144), (-161, 144), (-160, 146), (-150, 144)], [(160, 174), (160, 162), (153, 161), (145, 112), (133, 113), (133, 116), (76, 117), (76, 129), (85, 130), (89, 181), (101, 180), (101, 175)], [(238, 169), (238, 157), (232, 157), (235, 103), (223, 103), (208, 111), (166, 111), (170, 130), (165, 176), (178, 176), (178, 169)], [(273, -27), (273, -37), (247, -49), (246, -57), (161, -49), (160, -32), (170, -32), (171, -17), (187, -18), (187, -24), (254, -24), (262, -18)], [(-117, 192), (-116, 181), (-128, 181), (-146, 160), (-192, 156), (-193, 170), (-186, 170), (-188, 190), (-173, 191), (-173, 182), (-137, 181)]]


Estatísticas GRASP_GCG:
Tempo - Média: 25.39s, Desvio: 18.38s
Área - Média: 49.97%, Desvio: 0.07%
Peças - Média: 19.0, Desvio: 0.0
----------------------------------------------------------------------------------------------------------------------------------------------------------------------------------------------


==============================================================================================================================================================================================
Dimensão: (477, 318)
Máximo: 60%
Tempo pré-processamento NFPs: 272.73s
==============================================================================================================================================================================================

----------------------------------------------------------------------------------------------------------------------------------------------------------------------------------------------
RESULTADOS GRASP_GCG:
GRASP_GCG: Tempo: 48.3s, Area: 59.79%, Peças: 19/19, Fecho: 92.0%, Box: 98.0%
Peças GRASP_GCG 1: [[(-197, -116), (-200, -88), (-194, -80), (-158, -81), (-158, -83), (-143, -85), (-140, -89), (-135, -90), (-136, -100), (-140, -100), (-143, -106), (-146, -106), (-156, -117), (-193, -118)], [(-159, -76), (-151, -3), (216, -29), (208, -64), (14, -92)], [(-181, -12), (-181, -17), (-163, -19), (-160, -24), (-161, -57), (-177, -73), (-191, -75), (-199, -57), (-198, -20), (-190, -17), (-189, -12)], [(-65, -110), (-77, -114), (-101, -103), (-130, -105), (-131, -94), (-124, -90), (-122, -84), (-111, -85), (-111, -91), (-62, -97)], [(21, -3), (12, -7), (3, -3), (-150, 2), (-150, 13), (21, 8)], [(-164, -10), (-175, -10), (-176, -3), (-200, 0), (-194, 39), (-182, 39), (-182, 30), (-154, 27), (-154, 16), (-161, 16)], [(263, 89), (248, 75), (250, 20), (20, 12), (-120, 48), (-113, 90), (-98, 75)], [(-124, 44), (-137, 36), (-192, 54), (-189, 90), (-176, 89), (-175, 82), (-148, 79), (-124, 48)], [(-189, 106), (-15, 102), (-15, 94), (-24, 91), (-80, 96), (-189, 95)], [(-60, -113), (-59, -108), (-51, -106), (-51, -92), (-43, -92), (-43, -98), (14, -99), (33, -95), (39, -100), (38, -108), (-5, -105), (-48, -115)], [(0, 169), (0, 157), (-7, 156), (-15, 107), (-27, 108), (-27, 111), (-84, 112), (-84, 124), (-75, 125), (-71, 176), (-59, 175), (-59, 170)], [(-7, 96), (-5, 135), (4, 135), (4, 128), (196, 124), (189, 105), (136, 89)], [(-89, 112), (-166, 120), (-181, 136), (-193, 138), (-193, 148), (-182, 157), (-164, 151), (-97, 153), (-96, 159), (-91, 159), (-86, 149), (-86, 138), (-90, 138)], [(201, 166), (213, 166), (213, 160), (267, 163), (267, 151), (259, 136), (259, 94), (240, 98), (194, 94), (194, 106), (201, 106)], [(253, -60), (242, -61), (242, -49), (221, -32), (217, 14), (231, 15), (231, 8), (251, 10), (252, -5), (243, -5), (242, -40)], [(-7, 176), (0, 199), (9, 199), (9, 192), (201, 195), (195, 161), (159, 163), (145, 156), (54, 156)], [(-75, 188), (-75, 178), (-101, 166), (-102, 158), (-187, 166), (-188, 183), (-178, 183), (-177, 198), (-161, 197), (-161, 191), (-94, 191), (-86, 197)], [(249, -98), (238, -100), (237, -92), (197, -98), (195, -84), (198, -71), (209, -69), (209, -74), (248, -68), (249, -80), (246, -80), (246, -85), (250, -88)], [(-20, 182), (-27, 180), (-27, 175), (-37, 175), (-37, 182), (-70, 182), (-70, 193), (-62, 200), (-53, 200), (-52, 193), (-31, 193), (-30, 195), (-20, 193)]]

GRASP_GCG: Tempo: 14.25s, Area: 60.12%, Peças: 19/19, Fecho: 89.0%, Box: 95.0%
Peças GRASP_GCG 2: [[(-200, -118), (-185, -103), (-187, -49), (43, -40), (183, -76), (176, -118), (161, -103)], [(-200, -42), (-199, -37), (-191, -35), (-191, -21), (-183, -21), (-183, -27), (-126, -28), (-107, -24), (-101, -29), (-102, -37), (-145, -34), (-188, -44)], [(269, 29), (261, -45), (-106, -19), (-98, 16), (96, 45)], [(-128, 14), (-125, -15), (-131, -23), (-167, -21), (-167, -19), (-182, -17), (-185, -13), (-190, -12), (-189, -2), (-185, -2), (-182, 4), (-179, 4), (-169, 15), (-132, 16)], [(-193, 64), (-116, 56), (-101, 40), (-89, 38), (-89, 28), (-101, 19), (-119, 25), (-185, 23), (-186, 17), (-191, 17), (-196, 27), (-196, 38), (-192, 38)], [(-22, 64), (-31, 60), (-40, 64), (-193, 69), (-193, 80), (-22, 75)], [(15, 105), (8, 82), (-1, 82), (-1, 89), (-193, 85), (-187, 119), (-151, 118), (-137, 125), (-46, 125)], [(19, 118), (31, 118), (31, 112), (85, 115), (85, 103), (77, 88), (77, 46), (58, 50), (12, 46), (12, 58), (19, 58)], [(17, 162), (15, 122), (6, 122), (6, 129), (-186, 134), (-179, 153), (-126, 168)], [(70, 155), (70, 144), (64, 143), (60, 119), (21, 125), (21, 137), (30, 137), (33, 165), (45, 165), (45, 158)], [(93, 162), (103, 162), (115, 136), (123, 135), (115, 50), (98, 49), (98, 59), (83, 60), (84, 76), (90, 76), (90, 143), (84, 151)], [(184, 42), (172, 42), (171, 50), (122, 57), (123, 69), (126, 69), (127, 126), (139, 126), (140, 117), (191, 113), (190, 102), (185, 102)], [(107, 169), (120, 177), (175, 159), (171, 123), (158, 124), (157, 131), (131, 134), (107, 165)], [(33, 170), (-141, 173), (-141, 181), (-132, 185), (-76, 180), (33, 181)], [(199, 112), (199, 117), (181, 119), (178, 124), (179, 157), (195, 173), (209, 175), (216, 157), (216, 120), (208, 117), (207, 112)], [(248, 37), (237, 36), (237, 48), (216, 65), (212, 111), (226, 112), (226, 105), (246, 107), (247, 92), (238, 92), (237, 57)], [(215, -52), (217, -63), (209, -64), (214, -104), (200, -106), (187, -103), (185, -92), (190, -92), (184, -53), (197, -52), (197, -55), (202, -55), (205, -51)], [(245, -51), (248, -63), (238, -87), (239, -116), (228, -117), (224, -110), (218, -108), (219, -97), (225, -97), (232, -48)], [(-146, 172), (-153, 170), (-153, 165), (-163, 165), (-163, 172), (-196, 172), (-196, 183), (-188, 190), (-179, 190), (-178, 183), (-157, 183), (-156, 185), (-146, 183)]]

GRASP_GCG: Tempo: 16.35s, Area: 59.84%, Peças: 19/19, Fecho: 90.0%, Box: 92.0%
Peças GRASP_GCG 3: [[(-26, -118), (-200, -115), (-200, -107), (-191, -103), (-135, -108), (-26, -107)], [(-200, -86), (-192, -13), (175, -39), (167, -74), (-27, -102)], [(-19, -13), (-28, -17), (-37, -13), (-190, -8), (-190, 3), (-19, -2)], [(-191, 8), (-176, 23), (-178, 77), (52, 86), (192, 50), (185, 8), (170, 23)], [(40, -21), (29, -23), (28, -15), (-12, -21), (-14, -7), (-11, 6), (0, 8), (0, 3), (39, 9), (40, -3), (37, -3), (37, -8), (41, -11)], [(59, 113), (52, 90), (43, 90), (43, 97), (-149, 93), (-143, 127), (-107, 126), (-93, 133), (-2, 133)], [(-171, 82), (-171, 87), (-189, 89), (-192, 94), (-191, 127), (-175, 143), (-161, 145), (-154, 127), (-154, 90), (-162, 87), (-163, 82)], [(-124, 143), (-136, 139), (-160, 150), (-189, 148), (-190, 159), (-183, 163), (-181, 169), (-170, 168), (-170, 162), (-121, 156)], [(-133, 184), (-120, 192), (-65, 174), (-69, 138), (-82, 139), (-83, 146), (-109, 149), (-133, 180)], [(-58, 140), (-61, 168), (-55, 176), (-19, 175), (-19, 173), (-4, 171), (-1, 167), (4, 166), (3, 156), (-1, 156), (-4, 150), (-7, 150), (-17, 139), (-54, 138)], [(60, 88), (60, 100), (66, 100), (63, 154), (75, 154), (90, 146), (132, 146), (128, 127), (132, 81), (120, 81), (120, 88)], [(1, 139), (1, 150), (7, 151), (11, 175), (50, 169), (49, 157), (40, 157), (37, 129), (26, 129), (26, 136)], [(135, 69), (143, 146), (159, 161), (161, 173), (171, 173), (180, 162), (174, 144), (176, 78), (182, 77), (182, 72), (172, 66), (161, 66), (161, 71)], [(200, -4), (200, -14), (174, -26), (173, -34), (88, -26), (87, -9), (97, -9), (98, 6), (114, 5), (114, -1), (181, -1), (189, 5)], [(237, -31), (198, -29), (198, -20), (205, -20), (210, 172), (229, 165), (244, 112)], [(130, 194), (131, 183), (119, 183), (101, 162), (55, 158), (54, 172), (61, 172), (59, 192), (74, 193), (74, 184), (110, 183)], [(185, 189), (190, 188), (192, 180), (206, 180), (205, 172), (199, 172), (198, 115), (202, 96), (197, 90), (189, 91), (192, 134), (182, 177)], [(238, -112), (226, -112), (225, -104), (176, -97), (177, -85), (180, -85), (181, -28), (193, -28), (194, -37), (245, -41), (244, -52), (239, -52)], [(-150, 179), (-157, 177), (-157, 172), (-167, 172), (-167, 179), (-200, 179), (-200, 190), (-192, 197), (-183, 197), (-182, 190), (-161, 190), (-160, 192), (-150, 190)]]


Estatísticas GRASP_GCG:
Tempo - Média: 26.3s, Desvio: 15.58s
Área - Média: 59.92%, Desvio: 0.15%
Peças - Média: 19.0, Desvio: 0.0
----------------------------------------------------------------------------------------------------------------------------------------------------------------------------------------------


==============================================================================================================================================================================================
Dimensão: (441, 294)
Máximo: 70%
Tempo pré-processamento NFPs: 272.73s
==============================================================================================================================================================================================

----------------------------------------------------------------------------------------------------------------------------------------------------------------------------------------------
RESULTADOS GRASP_GCG:
GRASP_GCG: Tempo: 416.84s, Area: 66.86%, Peças: 14/16, Fecho: 91.0%, Box: 97.0%
Peças GRASP_GCG 1: [[(-198, -107), (-200, -5), (-191, 12), (-181, 15), (-141, -7), (-117, -48), (-115, -59), (-122, -68)], [(108, 45), (104, 23), (-182, 19), (-185, 45)], [(-134, -6), (-101, 15), (-7, 7), (-53, -76), (-78, -71), (-110, -52)], [(-3, 5), (93, 10), (117, -4), (119, -13), (93, -58), (55, -78), (43, -79), (-3, -7)], [(167, 87), (108, 50), (-169, 107), (-167, 176), (48, 193), (147, 129)], [(173, 55), (167, -30), (148, -56), (134, -56), (126, -46), (118, 51)], [(-150, -103), (-146, -86), (140, -82), (145, -95), (140, -107)], [(-182, 84), (-173, 95), (-135, 95), (-116, 76), (-116, 56), (-119, 52), (-137, 50), (-180, 53), (-183, 56)], [(187, -24), (194, -31), (188, -102), (176, -106), (150, -102), (148, -93), (153, -56), (177, -24)], [(239, 145), (252, 122), (254, 26), (250, 19), (167, 64), (168, 79), (187, 119)], [(149, 133), (152, 185), (185, 194), (229, 194), (231, 146), (185, 131)], [(235, -24), (191, -21), (191, 18), (194, 26), (235, 22), (239, 19)], [(146, 169), (143, 165), (96, 172), (74, 182), (74, 187), (83, 192), (146, 194)], [(231, -97), (200, -97), (197, -93), (199, -32), (202, -29), (222, -32), (237, -50), (240, -87)]]

GRASP_GCG: Tempo: 390.02s, Area: 69.26%, Peças: 15/16, Fecho: 92.0%, Box: 96.0%
Peças GRASP_GCG 2: [[(-200, -107), (-196, -85), (90, -80), (93, -107)], [(-200, -71), (-196, -54), (90, -50), (95, -63), (90, -75)], [(148, -9), (89, -46), (-188, 11), (-186, 80), (29, 97), (128, 33)], [(-199, -45), (-199, -35), (-169, -9), (-130, -6), (-120, -8), (-117, -34), (-121, -46), (-196, -49)], [(-189, 140), (-104, 134), (-78, 115), (-79, 101), (-89, 93), (-185, 85)], [(-97, 146), (-104, 139), (-175, 145), (-179, 157), (-175, 183), (-166, 185), (-130, 180), (-97, 156)], [(-103, 179), (-1, 181), (16, 172), (19, 162), (-4, 122), (-45, 98), (-56, 96), (-65, 103)], [(121, 119), (88, 98), (-6, 106), (39, 189), (65, 184), (97, 165)], [(155, 63), (146, 51), (108, 52), (89, 70), (89, 90), (92, 94), (110, 96), (153, 94), (156, 91)], [(97, -103), (100, -51), (133, -42), (177, -42), (179, -90), (133, -105)], [(99, 173), (122, 186), (218, 188), (225, 184), (180, 101), (165, 102), (125, 121)], [(185, -1), (161, -7), (153, -5), (144, 40), (145, 47), (169, 56), (179, 54), (186, 8)], [(254, 135), (259, 39), (245, 15), (236, 13), (191, 39), (171, 77), (170, 89), (242, 135)], [(182, -40), (182, -9), (186, -6), (247, -7), (250, -10), (247, -30), (229, -45), (192, -49)], [(228, -104), (184, -101), (184, -62), (187, -54), (228, -58), (232, -61)]]

GRASP_GCG: Tempo: 163.09s, Area: 70.28%, Peças: 16/16, Fecho: 94.0%, Box: 99.0%
Peças GRASP_GCG 3: [[(-200, -107), (-196, -85), (90, -80), (93, -107)], [(-200, -71), (-196, -54), (90, -50), (95, -63), (90, -75)], [(148, -9), (89, -46), (-188, 11), (-186, 80), (29, 97), (128, 33)], [(29, 102), (-67, 97), (-91, 111), (-93, 120), (-68, 165), (-29, 185), (-17, 186), (29, 114)], [(-185, 85), (-179, 170), (-160, 196), (-146, 196), (-138, 186), (-130, 90)], [(85, 114), (33, 117), (24, 150), (25, 194), (73, 196), (87, 150)], [(-120, 109), (-127, 115), (-121, 186), (-109, 190), (-83, 186), (-81, 177), (-86, 141), (-110, 108)], [(-199, -45), (-199, -35), (-169, -9), (-130, -6), (-120, -8), (-117, -34), (-121, -46), (-196, -49)], [(146, 154), (167, 121), (159, 27), (76, 73), (81, 98), (100, 130)], [(110, -98), (99, -89), (99, -51), (118, -32), (138, -32), (142, -35), (143, -53), (141, -96), (138, -99)], [(91, 153), (85, 176), (87, 184), (132, 193), (139, 192), (148, 169), (146, 159), (100, 151)], [(192, -95), (148, -92), (148, -53), (151, -45), (192, -49), (196, -52)], [(183, -43), (170, -21), (168, 75), (172, 82), (255, 38), (254, 23), (235, -17)], [(252, 182), (254, 80), (245, 63), (235, 60), (195, 83), (171, 124), (169, 135), (176, 144)], [(233, -106), (202, -106), (199, -102), (201, -41), (204, -38), (224, -41), (239, -59), (242, -96)], [(153, 196), (156, 200), (203, 194), (225, 184), (225, 179), (216, 174), (153, 171)]]


Estatísticas GRASP_GCG:
Tempo - Média: 323.32s, Desvio: 113.83s
Área - Média: 68.8%, Desvio: 1.43%
Peças - Média: 15.0, Desvio: 0.82
----------------------------------------------------------------------------------------------------------------------------------------------------------------------------------------------


==============================================================================================================================================================================================
Dimensão: (431, 287)
Máximo: 80%
Tempo pré-processamento NFPs: 10.43s
==============================================================================================================================================================================================

----------------------------------------------------------------------------------------------------------------------------------------------------------------------------------------------
RESULTADOS GRASP_GCG:
GRASP_GCG: Tempo: 699.74s, Area: 66.03%, Peças: 16/19, Fecho: 94.0%, Box: 100.0%
Peças GRASP_GCG 1: [[(-200, -87), (-198, -48), (-189, -48), (-189, -55), (3, -59), (-4, -78), (-57, -94)], [(-139, -13), (-139, -24), (-145, -25), (-149, -49), (-188, -43), (-188, -31), (-179, -31), (-176, -3), (-164, -3), (-164, -10)], [(-165, 1), (-157, 74), (210, 48), (202, 13), (8, -15)], [(-76, -48), (-88, -52), (-112, -41), (-141, -43), (-142, -32), (-135, -28), (-133, -22), (-122, -23), (-122, -29), (-73, -35)], [(-13, -26), (0, -18), (55, -36), (51, -72), (38, -71), (37, -64), (11, -61), (-13, -30)], [(-156, 79), (-141, 94), (-143, 148), (87, 157), (227, 121), (220, 79), (205, 94)], [(-168, 55), (-166, 44), (-174, 43), (-169, 3), (-183, 1), (-196, 4), (-198, 15), (-193, 15), (-199, 54), (-186, 55), (-186, 52), (-181, 52), (-178, 56)], [(129, 179), (122, 156), (113, 156), (113, 163), (-79, 159), (-73, 193), (-37, 192), (-23, 199), (68, 199)], [(-185, 173), (-175, 173), (-163, 147), (-155, 146), (-163, 61), (-180, 60), (-180, 70), (-195, 71), (-194, 87), (-188, 87), (-188, 154), (-194, 162)], [(120, -88), (108, -88), (108, -82), (54, -86), (54, -74), (62, -59), (62, -17), (81, -21), (127, -16), (127, -28), (120, -28)], [(157, 64), (148, 60), (139, 64), (-14, 69), (-14, 80), (157, 75)], [(-161, 155), (-164, 183), (-158, 191), (-122, 190), (-122, 188), (-107, 186), (-104, 182), (-99, 181), (-100, 171), (-104, 171), (-107, 165), (-110, 165), (-120, 154), (-157, 153)], [(167, -75), (156, -76), (156, -64), (135, -47), (131, -1), (145, 0), (145, -7), (165, -5), (166, -20), (157, -20), (156, -55)], [(229, -79), (217, -79), (216, -71), (167, -64), (168, -52), (171, -52), (172, 5), (184, 5), (185, -4), (236, -8), (235, -19), (230, -19)], [(241, 171), (237, -3), (229, -3), (225, 6), (231, 62), (230, 171)], [(195, 166), (190, 166), (188, 148), (183, 145), (150, 146), (134, 161), (132, 175), (150, 183), (187, 183), (190, 175), (195, 174)]]

GRASP_GCG: Tempo: 360.19s, Area: 69.39%, Peças: 13/16, Fecho: 91.0%, Box: 97.0%
Peças GRASP_GCG 1: [[(-200, -87), (-196, -65), (90, -60), (93, -87)], [(-200, -51), (-196, -34), (90, -30), (95, -43), (90, -55)], [(148, 11), (89, -26), (-188, 31), (-186, 100), (29, 117), (128, 53)], [(-143, -28), (-187, -25), (-187, 14), (-184, 22), (-143, 18), (-139, 15)], [(36, 129), (29, 122), (-42, 128), (-46, 140), (-42, 166), (-33, 168), (3, 163), (36, 139)], [(-46, 128), (-69, 115), (-165, 113), (-172, 117), (-128, 200), (-113, 199), (-72, 180)], [(124, 138), (39, 144), (13, 163), (13, 177), (23, 185), (120, 193)], [(127, 101), (118, 89), (80, 90), (61, 108), (61, 128), (64, 132), (82, 134), (125, 132), (128, 129)], [(165, 106), (155, 106), (129, 136), (126, 175), (128, 185), (154, 188), (166, 185), (169, 110)], [(-4, 174), (-7, 170), (-54, 177), (-76, 187), (-76, 192), (-67, 197), (-4, 199)], [(216, -75), (120, -80), (96, -66), (94, -57), (119, -12), (158, 8), (170, 9), (216, -63)], [(209, 123), (211, 21), (202, 4), (192, 1), (152, 24), (128, 65), (126, 76), (133, 85)], [(207, 127), (176, 127), (173, 131), (175, 192), (178, 195), (198, 192), (213, 174), (216, 137)]]

