==============================================================================================================================================================================================
RESULTADOS GERAIS: 05/02/2025 14:51
==============================================================================================================================================================================================


||||||||||||||||||||||||||||||||||||||||||||||||||||||||||||||||||||||||||||||||||||||||||||||||||||||||||||||||||||||||||||||||||||||||||||||||||||||||||||||||||||||||||||||||||||||||||||||
Instância: embraer_3089
Data e Hora: 05/02/2025 14:52
Margem: True
{'dimensoes': ['80'], 'algoritmos': {'GCG': 0, 'GRASP': 1, 'GRASP_GCG': 0, 'Random_Key': 0}, 'num_execucoes': 2}
||||||||||||||||||||||||||||||||||||||||||||||||||||||||||||||||||||||||||||||||||||||||||||||||||||||||||||||||||||||||||||||||||||||||||||||||||||||||||||||||||||||||||||||||||||||||||||||


==============================================================================================================================================================================================
Dimensão: (475, 317)
Máximo: 80%
Tempo pré-processamento NFPs: 9.61s
==============================================================================================================================================================================================

----------------------------------------------------------------------------------------------------------------------------------------------------------------------------------------------
RESULTADOS GRASP:
GRASP: Tempo: 44.96s, Area: 69.61%, Peças: 16/18, Fecho: 87.0%, Box: 95.0%
Peças GRASP 1: [[(-194, -117), (-200, -110), (-200, -12), (-193, -4), (-155, -4), (-148, -14), (-141, -110), (-148, -117)], [(91, -109), (-137, -109), (-138, 1), (91, -47)], [(96, -109), (99, -62), (237, -77), (236, -104)], [(216, -70), (97, -57), (96, -10), (216, -9)], [(-5, 15), (92, 15), (92, -29), (-5, -23)], [(-200, 41), (-10, 41), (-10, 7), (-200, 3)], [(180, 49), (180, 19), (-6, 21), (-4, 46)], [(254, -4), (186, -4), (185, 44), (254, 45)], [(258, -79), (246, -79), (222, -54), (222, -11), (224, -9), (254, -11), (260, -53), (261, -77)], [(-200, 83), (-194, 88), (-16, 82), (-16, 50), (-200, 46)], [(195, 62), (187, 54), (-4, 57), (-11, 66), (-11, 102), (-4, 109), (189, 102), (196, 95)], [(268, 85), (268, 73), (243, 49), (200, 49), (198, 51), (200, 81), (243, 87), (267, 88)], [(-16, 141), (-17, 90), (-106, 90), (-104, 138)], [(-111, 93), (-198, 93), (-199, 140), (-111, 138)], [(-11, 167), (1, 175), (115, 190), (123, 180), (122, 121), (114, 114), (0, 114), (-11, 121)], [(259, 112), (253, 107), (149, 109), (127, 135), (130, 164), (148, 183), (253, 185), (259, 179)]]

GRASP: Tempo: 46.6s, Area: 70.97%, Peças: 15/18, Fecho: 95.0%, Box: 98.0%
Peças GRASP 2: [[(-16, -111), (-22, -117), (-200, -111), (-200, -79), (-16, -74)], [(86, -117), (-11, -117), (-12, -73), (86, -79)], [(91, -117), (94, -70), (232, -85), (231, -112)], [(-200, -72), (-200, -42), (-14, -44), (-16, -69)], [(180, -65), (-10, -65), (-10, -31), (180, -27)], [(254, -75), (186, -75), (185, -27), (254, -26)], [(-200, 23), (-81, 10), (-81, -37), (-200, -38)], [(130, -16), (122, -24), (-69, -21), (-76, -12), (-76, 24), (-69, 31), (124, 24), (131, 17)], [(135, 31), (147, 39), (261, 54), (269, 44), (268, -15), (260, -22), (146, -22), (135, -15)], [(136, 38), (129, 32), (31, 32), (23, 39), (23, 77), (33, 84), (130, 91), (136, 84)], [(30, 88), (-198, 88), (-199, 198), (30, 150)], [(161, 120), (102, 94), (45, 94), (35, 118), (35, 158), (44, 182), (109, 183), (160, 154)], [(-112, 28), (-199, 28), (-200, 75), (-112, 73)], [(231, 109), (230, 58), (141, 58), (143, 106)], [(166, 114), (166, 174), (188, 196), (228, 196), (250, 174), (249, 114)]]


Estatísticas GRASP:
Tempo - Média: 45.78s, Desvio: 0.82s
Área - Média: 70.29%, Desvio: 0.68%
Peças - Média: 15.5, Desvio: 0.5
----------------------------------------------------------------------------------------------------------------------------------------------------------------------------------------------

