==============================================================================================================================================================================================
RESULTADOS GERAIS: 05/02/2025 18:01
==============================================================================================================================================================================================


||||||||||||||||||||||||||||||||||||||||||||||||||||||||||||||||||||||||||||||||||||||||||||||||||||||||||||||||||||||||||||||||||||||||||||||||||||||||||||||||||||||||||||||||||||||||||||||
Instância: embraer_3153
Data e Hora: 05/02/2025 18:01
Margem: True
{'dimensoes': ['50'], 'algoritmos': {'GCG': 0, 'GRASP': 1, 'GRASP_GCG': 0, 'Random_Key': 0}, 'num_execucoes': 3}
||||||||||||||||||||||||||||||||||||||||||||||||||||||||||||||||||||||||||||||||||||||||||||||||||||||||||||||||||||||||||||||||||||||||||||||||||||||||||||||||||||||||||||||||||||||||||||||


==============================================================================================================================================================================================
Dimensão: (553, 369)
Máximo: 50%
Tempo pré-processamento NFPs: 10.27s
==============================================================================================================================================================================================

----------------------------------------------------------------------------------------------------------------------------------------------------------------------------------------------
RESULTADOS GRASP:
GRASP: Tempo: 13.48s, Area: 50.03%, Peças: 17/17, Fecho: 67.12%, Box: 82.93%
Peças GRASP 1: [[(-200, -169), (-196, -147), (90, -142), (93, -169)], [(130, -147), (130, -168), (97, -168), (97, -152), (102, -147)], [(135, -169), (142, -129), (285, -127), (342, -145), (339, -169)], [(139, -119), (135, -136), (-151, -139), (-156, -126), (-151, -115)], [(144, -120), (144, -102), (147, -99), (190, -99), (193, -102), (193, -120), (190, -123), (147, -123)], [(142, -73), (138, -114), (-66, -106), (-66, -85), (-8, -68), (137, -68)], [(196, -68), (281, -74), (307, -93), (306, -107), (296, -115), (200, -123)], [(-180, -100), (-180, -85), (-156, -68), (-68, -68), (-72, -108), (-168, -111)], [(349, -139), (339, -139), (313, -109), (310, -70), (312, -60), (338, -57), (350, -60), (353, -135)], [(141, -63), (143, -48), (148, -42), (235, -41), (239, -48), (237, -55), (148, -72)], [(309, -54), (300, -66), (262, -65), (243, -47), (243, -27), (246, -23), (264, -21), (307, -23), (310, -26)], [(134, 87), (136, -64), (-42, -63), (-80, -35), (-77, -18), (78, 79)], [(140, -36), (140, 32), (143, 35), (212, 21), (209, -36)], [(348, 11), (202, 27), (133, 95), (344, 137)], [(-84, -29), (-84, -60), (-88, -63), (-149, -61), (-152, -58), (-149, -38), (-131, -23), (-94, -20)], [(-141, -13), (-138, 39), (-105, 48), (-61, 48), (-59, 0), (-105, -15)], [(-193, -80), (-200, -74), (-194, -3), (-182, 1), (-156, -3), (-154, -12), (-159, -48), (-183, -81)]]

GRASP: Tempo: 10.81s, Area: 50.06%, Peças: 17/17, Fecho: 66.06%, Box: 77.36%
Peças GRASP 2: [[(-134, -157), (-143, -169), (-181, -168), (-200, -150), (-200, -130), (-197, -126), (-179, -124), (-136, -126), (-133, -129)], [(-128, -160), (-128, -129), (-124, -126), (-63, -127), (-60, -130), (-63, -150), (-81, -165), (-118, -169)], [(-28, -117), (-179, -119), (-179, 59), (-150, 97), (-133, 94), (-36, -61)], [(-34, -155), (-55, -155), (-55, -122), (-39, -122), (-34, -127)], [(-3, -163), (-21, -163), (-24, -160), (-23, -117), (-20, -114), (-2, -114), (0, -117), (0, -160)], [(-24, -27), (-14, -27), (12, -57), (15, -96), (13, -106), (-13, -109), (-25, -106), (-28, -30)], [(-4, -22), (-56, -19), (-65, 14), (-64, 58), (-16, 60), (-2, 14)], [(-13, 64), (-98, 70), (-124, 89), (-124, 103), (-114, 111), (-17, 119)], [(113, 124), (97, -22), (29, -91), (-13, 120)], [(76, -167), (8, -167), (5, -164), (20, -95), (76, -98)], [(82, -46), (97, -48), (103, -53), (103, -140), (96, -144), (89, -142), (73, -53)], [(151, -84), (110, -80), (118, 124), (139, 124), (156, 66), (156, -79)], [(114, -167), (107, -161), (113, -90), (125, -86), (151, -90), (153, -99), (148, -135), (124, -168)], [(162, 124), (202, 117), (203, -26), (185, -83), (161, -80)], [(165, 151), (161, 129), (-125, 125), (-128, 151)], [(-124, 160), (-120, 177), (166, 181), (171, 168), (166, 156)], [(240, -49), (225, -49), (208, -25), (208, 63), (248, 60), (251, -36)]]

GRASP: Tempo: 9.74s, Area: 49.97%, Peças: 17/17, Fecho: 65.7%, Box: 72.81%
Peças GRASP 3: [[(-200, -160), (-198, -145), (-193, -139), (-106, -138), (-102, -145), (-104, -152), (-193, -169)], [(-42, -132), (-193, -134), (-193, 44), (-164, 82), (-147, 79), (-50, -76)], [(-97, -158), (-97, -140), (-94, -137), (-51, -137), (-48, -140), (-48, -158), (-51, -161), (-94, -161)], [(-168, 85), (-189, 85), (-189, 118), (-173, 118), (-168, 113)], [(-161, 166), (-151, 166), (-125, 136), (-122, 97), (-124, 87), (-150, 84), (-162, 87), (-165, 163)], [(-85, 16), (-100, 16), (-117, 40), (-117, 128), (-77, 125), (-74, 29)], [(-64, 144), (-23, 140), (-31, -64), (-52, -64), (-69, -6), (-69, 139)], [(-68, 148), (-77, 136), (-115, 137), (-134, 155), (-134, 175), (-131, 179), (-113, 181), (-70, 179), (-67, 176)], [(-18, 140), (22, 133), (23, -10), (5, -67), (-19, -64)], [(-39, -68), (13, -71), (21, -104), (21, -148), (-27, -150), (-41, -104)], [(18, 150), (11, 143), (-60, 149), (-64, 161), (-60, 187), (-51, 189), (-15, 184), (18, 160)], [(52, -156), (30, -152), (26, 134), (52, 137)], [(77, -153), (60, -149), (57, 137), (70, 142), (81, 137)], [(23, 151), (23, 182), (27, 185), (88, 184), (91, 181), (88, 161), (70, 146), (33, 142)], [(82, -153), (98, -7), (166, 62), (208, -148)], [(85, 36), (91, 121), (110, 147), (124, 147), (132, 137), (140, 41)], [(143, 66), (143, 134), (146, 137), (215, 123), (212, 66)]]


Estatísticas GRASP:
Tempo - Média: 11.34s, Desvio: 1.57s
Área - Média: 50.02%, Desvio: 0.04%
Peças - Média: 17.0, Desvio: 0.0
Fecho - Média: 66.29%, Desvio: 0.6%
Box - Média: 77.7%, Desvio: 4.14%
----------------------------------------------------------------------------------------------------------------------------------------------------------------------------------------------

