==============================================================================================================================================================================================
RESULTADOS GERAIS: 05/02/2025 18:42
==============================================================================================================================================================================================


||||||||||||||||||||||||||||||||||||||||||||||||||||||||||||||||||||||||||||||||||||||||||||||||||||||||||||||||||||||||||||||||||||||||||||||||||||||||||||||||||||||||||||||||||||||||||||||
Instância: embraer_3153
Data e Hora: 05/02/2025 18:42
Margem: True
{'dimensoes': ['50'], 'algoritmos': {'GCG': 0, 'GRASP': 1, 'GRASP_GCG': 0, 'Random_Key': 0}, 'num_execucoes': 3}
||||||||||||||||||||||||||||||||||||||||||||||||||||||||||||||||||||||||||||||||||||||||||||||||||||||||||||||||||||||||||||||||||||||||||||||||||||||||||||||||||||||||||||||||||||||||||||||


==============================================================================================================================================================================================
Dimensão: (553, 369)
Máximo: 50%
Tempo pré-processamento NFPs: 9.8s
==============================================================================================================================================================================================

----------------------------------------------------------------------------------------------------------------------------------------------------------------------------------------------
RESULTADOS GRASP:
GRASP: Tempo: 18.59s, Area: 49.99%, Peças: 17/17, Fecho: 71.12%, Box: 78.84%
Peças GRASP 1: [[(-198, -169), (-200, -18), (-22, -18), (16, -46), (13, -63), (-142, -160)], [(18, -42), (18, -21), (51, -21), (51, -37), (45, -42)], [(76, 4), (74, -11), (69, -17), (-18, -17), (-22, -10), (-20, -3), (69, 13)], [(-75, -10), (-75, 8), (-72, 11), (-29, 11), (-26, 8), (-26, -10), (-29, -13), (-72, -13)], [(-80, 19), (-80, 4), (-104, -13), (-192, -13), (-189, 27), (-92, 30)], [(111, 58), (104, 18), (-39, 17), (-96, 35), (-93, 59)], [(-181, 36), (-181, 46), (-151, 72), (-112, 75), (-102, 73), (-99, 47), (-103, 35), (-178, 32)], [(111, 104), (107, 63), (-97, 71), (-97, 92), (-39, 109), (106, 109)], [(150, 104), (161, 95), (161, 57), (142, 38), (122, 38), (118, 41), (116, 59), (119, 102), (122, 105)], [(-166, 85), (-166, 116), (-162, 119), (-101, 118), (-98, 115), (-101, 95), (-119, 80), (-156, 76)], [(-93, 116), (-89, 138), (197, 143), (200, 116)], [(200, 165), (196, 148), (-90, 145), (-95, 158), (-90, 169)], [(-95, 130), (-102, 123), (-173, 129), (-177, 141), (-173, 167), (-164, 169), (-128, 164), (-95, 140)], [(205, 165), (273, 165), (276, 162), (261, 93), (205, 96)], [(164, 28), (167, 80), (200, 89), (244, 89), (246, 41), (200, 26)], [(192, -34), (107, -28), (81, -9), (81, 5), (91, 13), (188, 21)], [(213, -161), (67, -145), (-2, -77), (209, -35)]]

GRASP: Tempo: 18.46s, Area: 49.99%, Peças: 17/17, Fecho: 71.12%, Box: 78.84%
Peças GRASP 2: [[(-198, -169), (-200, -18), (-22, -18), (16, -46), (13, -63), (-142, -160)], [(18, -42), (18, -21), (51, -21), (51, -37), (45, -42)], [(76, 4), (74, -11), (69, -17), (-18, -17), (-22, -10), (-20, -3), (69, 13)], [(-75, -10), (-75, 8), (-72, 11), (-29, 11), (-26, 8), (-26, -10), (-29, -13), (-72, -13)], [(-80, 19), (-80, 4), (-104, -13), (-192, -13), (-189, 27), (-92, 30)], [(111, 58), (104, 18), (-39, 17), (-96, 35), (-93, 59)], [(-181, 36), (-181, 46), (-151, 72), (-112, 75), (-102, 73), (-99, 47), (-103, 35), (-178, 32)], [(111, 104), (107, 63), (-97, 71), (-97, 92), (-39, 109), (106, 109)], [(150, 104), (161, 95), (161, 57), (142, 38), (122, 38), (118, 41), (116, 59), (119, 102), (122, 105)], [(-166, 85), (-166, 116), (-162, 119), (-101, 118), (-98, 115), (-101, 95), (-119, 80), (-156, 76)], [(-93, 116), (-89, 138), (197, 143), (200, 116)], [(200, 165), (196, 148), (-90, 145), (-95, 158), (-90, 169)], [(-95, 130), (-102, 123), (-173, 129), (-177, 141), (-173, 167), (-164, 169), (-128, 164), (-95, 140)], [(205, 165), (273, 165), (276, 162), (261, 93), (205, 96)], [(164, 28), (167, 80), (200, 89), (244, 89), (246, 41), (200, 26)], [(192, -34), (107, -28), (81, -9), (81, 5), (91, 13), (188, 21)], [(213, -161), (67, -145), (-2, -77), (209, -35)]]

GRASP: Tempo: 14.11s, Area: 50.0%, Peças: 17/17, Fecho: 88.33%, Box: 98.92%
Peças GRASP 3: [[(-200, -165), (-196, -148), (90, -144), (95, -157), (90, -169)], [(87, 11), (89, -140), (-89, -139), (-127, -111), (-124, -94), (31, 3)], [(-169, -139), (-169, -121), (-166, -118), (-123, -118), (-120, -121), (-120, -139), (-123, -142), (-166, -142)], [(115, -146), (100, -144), (94, -139), (94, -52), (101, -48), (108, -50), (124, -139)], [(114, -43), (93, -43), (93, -10), (109, -10), (114, -15)], [(151, -105), (136, -105), (119, -81), (119, 7), (159, 4), (162, -92)], [(159, 44), (159, 13), (155, 10), (94, 12), (91, 15), (94, 35), (112, 50), (149, 53)], [(219, 48), (213, -37), (194, -63), (180, -63), (172, -53), (164, 44)], [(156, 55), (156, 65), (186, 91), (225, 94), (235, 92), (238, 66), (234, 54), (159, 51)], [(226, -30), (219, -24), (225, 47), (237, 51), (263, 47), (265, 38), (260, 2), (236, -31)], [(308, 62), (299, 50), (261, 51), (242, 69), (242, 89), (245, 93), (263, 95), (306, 93), (309, 90)], [(271, 100), (274, 152), (307, 161), (351, 161), (353, 113), (307, 98)], [(331, -26), (263, -26), (260, -23), (275, 46), (331, 43)], [(337, -105), (333, -146), (129, -138), (129, -117), (187, -100), (332, -100)], [(52, 196), (198, 180), (266, 112), (56, 70)], [(-117, 16), (-110, 56), (33, 58), (90, 40), (87, 16)], [(-131, -113), (-153, -109), (-157, 177), (-131, 180)]]


Estatísticas GRASP:
Tempo - Média: 17.05s, Desvio: 2.08s
Área - Média: 49.99%, Desvio: 0.01%
Peças - Média: 17.0, Desvio: 0.0
Fecho - Média: 76.86%, Desvio: 8.11%
Box - Média: 85.53%, Desvio: 9.47%
----------------------------------------------------------------------------------------------------------------------------------------------------------------------------------------------


||||||||||||||||||||||||||||||||||||||||||||||||||||||||||||||||||||||||||||||||||||||||||||||||||||||||||||||||||||||||||||||||||||||||||||||||||||||||||||||||||||||||||||||||||||||||||||||
Instância: embraer_3086
Data e Hora: 05/02/2025 18:42
Margem: True
{'dimensoes': ['50'], 'algoritmos': {'GCG': 0, 'GRASP': 1, 'GRASP_GCG': 0, 'Random_Key': 0}, 'num_execucoes': 3}
||||||||||||||||||||||||||||||||||||||||||||||||||||||||||||||||||||||||||||||||||||||||||||||||||||||||||||||||||||||||||||||||||||||||||||||||||||||||||||||||||||||||||||||||||||||||||||||


==============================================================================================================================================================================================
Dimensão: (631, 421)
Máximo: 50%
Tempo pré-processamento NFPs: 10.18s
==============================================================================================================================================================================================

----------------------------------------------------------------------------------------------------------------------------------------------------------------------------------------------
RESULTADOS GRASP:
GRASP: Tempo: 24.82s, Area: 50.0%, Peças: 17/17, Fecho: 68.87%, Box: 78.82%
Peças GRASP 1: [[(-134, -209), (-143, -221), (-181, -220), (-200, -202), (-200, -182), (-197, -178), (-179, -176), (-136, -178), (-133, -181)], [(-128, -212), (-128, -181), (-124, -178), (-63, -179), (-60, -182), (-63, -202), (-81, -217), (-118, -221)], [(-60, -156), (-83, -169), (-179, -171), (-186, -167), (-142, -84), (-127, -85), (-86, -104)], [(-59, -72), (315, -91), (313, -131), (171, -165), (-56, -153)], [(-55, -181), (-55, -165), (-52, -162), (5, -161), (5, -170), (-22, -201), (-36, -201)], [(-158, -26), (-125, -5), (-31, -13), (-77, -96), (-102, -91), (-134, -72)], [(-42, -43), (-39, -39), (8, -45), (30, -55), (30, -60), (21, -65), (-42, -68)], [(155, -68), (59, -73), (35, -59), (33, -50), (58, -5), (97, 15), (109, 16), (155, -56)], [(301, -172), (297, -189), (11, -192), (6, -179), (11, -168)], [(-20, -34), (-26, -11), (-24, -3), (21, 6), (28, 5), (37, -18), (35, -28), (-11, -36)], [(204, -81), (160, -78), (160, -39), (163, -31), (204, -35), (208, -38)], [(333, -80), (231, -82), (214, -73), (211, -63), (233, -23), (275, 1), (286, 3), (295, -4)], [(-179, 5), (-175, 46), (29, 39), (29, 18), (-29, 0), (-174, 0)], [(303, 47), (296, 7), (153, 6), (96, 24), (99, 48)], [(380, -27), (308, -19), (308, 48), (311, 57), (380, 48)], [(-98, 122), (81, 140), (189, 135), (281, 116), (293, 70), (278, 58), (-97, 48)], [(7, -221), (11, -199), (297, -194), (300, -221)]]

GRASP: Tempo: 10.38s, Area: 50.02%, Peças: 17/17, Fecho: 67.54%, Box: 79.68%
Peças GRASP 2: [[(-200, -221), (-196, -199), (90, -194), (93, -221)], [(97, -196), (100, -192), (147, -198), (169, -208), (169, -213), (160, -218), (97, -221)], [(-197, -120), (-18, -102), (90, -107), (182, -126), (194, -172), (179, -184), (-196, -194)], [(234, -190), (234, -206), (231, -209), (174, -209), (174, -200), (201, -170), (215, -170)], [(258, -154), (249, -166), (211, -165), (192, -147), (192, -127), (195, -123), (213, -121), (256, -123), (259, -126)], [(365, -195), (342, -208), (246, -210), (239, -206), (283, -123), (298, -124), (339, -143)], [(414, -196), (370, -193), (370, -154), (373, -146), (414, -150), (418, -153)], [(350, -79), (346, -120), (142, -112), (142, -91), (200, -74), (345, -74)], [(427, -146), (355, -138), (355, -71), (358, -62), (427, -71)], [(-160, -8), (214, -27), (212, -67), (70, -101), (-157, -89)], [(218, -60), (218, -29), (222, -26), (283, -27), (286, -30), (283, -50), (265, -65), (228, -69)], [(295, -67), (289, -44), (291, -36), (336, -27), (343, -28), (352, -51), (350, -61), (304, -69)], [(-159, -3), (-155, 14), (131, 18), (136, 5), (131, -7)], [(136, -18), (143, 22), (286, 24), (343, 6), (340, -18)], [(428, 66), (430, -36), (421, -53), (411, -56), (371, -33), (347, 8), (345, 19), (352, 28)], [(256, 85), (289, 106), (383, 98), (337, 15), (312, 20), (280, 39)], [(238, 31), (142, 26), (118, 40), (116, 49), (141, 94), (180, 114), (192, 115), (238, 43)]]

GRASP: Tempo: 25.0s, Area: 50.02%, Peças: 17/17, Fecho: 65.14%, Box: 78.76%
Peças GRASP 3: [[(174, -221), (-200, -203), (-198, -163), (-56, -128), (171, -140)], [(184, -130), (215, -130), (218, -134), (216, -195), (213, -198), (193, -195), (178, -177), (175, -140)], [(-56, -123), (-52, -101), (234, -96), (237, -123)], [(242, -188), (226, -188), (223, -185), (223, -128), (232, -128), (262, -155), (262, -169)], [(239, -103), (272, -82), (366, -90), (320, -173), (295, -168), (263, -149)], [(-121, -24), (58, -6), (166, -11), (258, -30), (270, -76), (255, -88), (-120, -98)], [(391, -74), (295, -79), (271, -65), (269, -56), (294, -11), (333, 9), (345, 10), (391, -62)], [(-165, -142), (-171, -119), (-169, -111), (-124, -102), (-117, -103), (-108, -126), (-110, -136), (-156, -144)], [(-126, -54), (-129, -98), (-168, -98), (-176, -95), (-172, -54), (-169, -50)], [(290, -8), (188, -10), (171, -1), (168, 9), (190, 49), (232, 73), (243, 75), (252, 68)], [(163, 7), (154, -5), (116, -4), (97, 14), (97, 34), (100, 38), (118, 40), (161, 38), (164, 35)], [(92, 38), (88, -3), (-116, 5), (-116, 26), (-58, 43), (87, 43)], [(-19, 48), (-12, 88), (131, 90), (188, 72), (185, 48)], [(366, 86), (358, 14), (291, 14), (282, 17), (291, 86)], [(-151, -47), (-155, -44), (-148, 3), (-138, 25), (-133, 25), (-128, 16), (-126, -47)], [(-21, 61), (-44, 48), (-140, 46), (-147, 50), (-103, 133), (-88, 132), (-47, 113)], [(257, 113), (253, 96), (-33, 93), (-38, 106), (-33, 117)]]


Estatísticas GRASP:
Tempo - Média: 20.07s, Desvio: 6.85s
Área - Média: 50.01%, Desvio: 0.01%
Peças - Média: 17.0, Desvio: 0.0
Fecho - Média: 67.18%, Desvio: 1.54%
Box - Média: 79.09%, Desvio: 0.42%
----------------------------------------------------------------------------------------------------------------------------------------------------------------------------------------------


||||||||||||||||||||||||||||||||||||||||||||||||||||||||||||||||||||||||||||||||||||||||||||||||||||||||||||||||||||||||||||||||||||||||||||||||||||||||||||||||||||||||||||||||||||||||||||||
Instância: embraer_3089
Data e Hora: 05/02/2025 18:42
Margem: True
{'dimensoes': ['50'], 'algoritmos': {'GCG': 0, 'GRASP': 1, 'GRASP_GCG': 0, 'Random_Key': 0}, 'num_execucoes': 3}
||||||||||||||||||||||||||||||||||||||||||||||||||||||||||||||||||||||||||||||||||||||||||||||||||||||||||||||||||||||||||||||||||||||||||||||||||||||||||||||||||||||||||||||||||||||||||||||

